8.46292	0.243462	0	0	0	8.46292	0.243462	
8.4485	0.251375	-0.00143521	-2.32561e-17	5.20417e-18	8.44818	0.251553	
8.47144	0.248797	-0.00631383	5.64898e-06	9.40252e-07	8.56759	0.241943	
8.46435	0.250981	-0.00930772	-2.06948e-05	-4.03002e-06	8.45582	0.253997	
8.37501	0.251324	-0.933736	0.00118879	0.000456394	8.42544	0.254042	
8.31506	0.250658	-0.95612	0.00279378	0.000927971	8.23962	0.24916	
8.10958	0.239942	-1.18515	0.104002	0.03914	7.93286	0.188391	
8.01516	0.210512	-1.2345	0.254896	0.0869654	7.84073	0.159858	
7.83428	0.228078	-1.4126	-0.49718	-0.235023	7.61269	0.155818	
7.73751	0.189399	-1.46973	-0.0310685	-0.0486021	7.54016	0.159641	
7.62064	0.139792	-1.60797	0.35489	0.125048	7.50815	0.0953827	
7.52463	0.0744913	-1.66265	0.559143	0.19021	7.3426	0.0345312	
7.3426	0.223504	-1.83242	-0.77407	-0.907842	7.20598	0.00492725	
7.20806	0.12876	-1.93702	-0.311758	-0.64088	7.05406	-0.0533413	
7.08862	0.0880687	-1.94037	-0.173443	-0.57183	6.74585	-0.143185	
6.95052	-0.0403426	-1.91772	0.125041	-0.311278	6.84972	-0.258748	
6.83455	-0.108066	-1.98454	0.213433	-0.272143	6.66966	-0.346668	
6.72184	-0.260049	-1.99922	0.491351	0.164704	6.64329	-0.462604	
6.6694	-0.436426	-1.93037	0.938362	1.25535	6.60862	-0.557035	
6.60929	-0.552344	-1.96111	1.06178	1.31258	6.56029	-0.650892	
6.56893	-0.690837	-1.99835	1.25069	1.54016	6.40696	-0.842921	
6.5264	-0.846351	-2.0596	1.35983	1.46947	6.45805	-1.05268	
6.4149	-0.928518	-1.99025	1.05934	0.457049	6.38626	-1.15695	
6.34197	-1.06508	-2.06017	1.07906	0.37839	6.25499	-1.25007	
6.46242	-1.24881	-2.10127	1.66325	1.65115	6.43125	-1.48148	
6.45504	-1.41613	-2.19945	1.74597	1.58532	6.36328	-1.65656	
6.39	-1.51217	-2.05429	1.56046	0.983033	6.3228	-1.81431	
6.35752	-1.67567	-2.16567	1.57428	0.883846	6.24641	-1.95075	
6.42145	-1.83425	-2.32229	1.79878	1.23858	6.31851	-2.10969	
6.4234	-2.00103	-2.42066	1.82677	1.16451	6.34644	-2.23829	
6.40645	-2.14807	-2.39489	1.78339	0.955926	6.32593	-2.40018	
6.40904	-2.33155	-2.48871	1.79549	0.884505	6.34927	-2.55175	
6.45979	-2.49592	-2.58505	1.8823	0.959925	6.43125	-2.71878	
6.48136	-2.676	-2.6585	1.89899	0.905581	6.43257	-2.84245	
6.48555	-2.81719	-2.63286	1.87732	0.78788	6.46536	-3.00452	
6.49909	-2.98876	-2.70227	1.87753	0.734178	6.44119	-3.14955	
6.55483	-3.15275	-2.7712	1.93234	0.769537	6.52249	-3.32007	
6.58807	-3.33235	-2.82497	1.9429	0.728416	6.5453	-3.45745	
6.67179	-3.49561	-2.91738	2.0184	0.801944	6.6358	-3.59197	
6.7401	-3.66317	-2.95292	2.05004	0.784039	6.76011	-3.75457	
6.79661	-3.80961	-2.91396	2.06412	0.731001	6.83625	-3.92723	
6.86427	-3.97506	-2.94626	2.08613	0.706966	6.85997	-4.05805	
6.91908	-4.11602	-2.89392	2.09312	0.650526	6.86943	-4.18507	
6.98125	-4.27791	-2.91941	2.10474	0.620155	6.94332	-4.34473	
7.01204	-4.40238	-2.76241	2.07832	0.502566	7.05156	-4.49706	
7.0757	-4.54083	-2.76585	2.09511	0.489531	7.04099	-4.55018	
7.13634	-4.66853	-2.72263	2.10401	0.456363	7.10252	-4.67934	
7.19419	-4.81654	-2.73786	2.10666	0.428434	7.14735	-4.86125	
7.29936	-4.96344	-2.84525	2.15625	0.482623	7.3138	-5.05204	
7.3638	-5.11336	-2.8582	2.15708	0.450732	7.30424	-5.15404	
7.42946	-5.24175	-2.81273	2.16109	0.416673	7.29446	-5.23429	
7.49417	-5.3951	-2.83095	2.1559	0.381342	7.44737	-5.45308	
7.57535	-5.52661	-2.81589	2.16828	0.366219	7.63082	-5.61863	
7.65744	-5.65822	-2.81838	2.18205	0.358325	7.64356	-5.66706	
7.72535	-5.77883	-2.76357	2.1837	0.328104	7.60376	-5.74774	
7.79038	-5.9215	-2.77176	2.17621	0.296558	7.7342	-5.95374	
7.91049	-6.05863	-2.94572	2.22663	0.368047	7.82165	-6.06822	
7.98492	-6.19505	-2.95924	2.22331	0.340943	7.95703	-6.24328	
8.07214	-6.32107	-2.90596	2.22884	0.316124	8.17338	-6.44684	
8.167	-6.44905	-2.90684	2.24249	0.311495	8.15891	-6.45335	
8.24293	-6.56542	-2.84017	2.24305	0.284447	8.08628	-6.51855	
8.31392	-6.71037	-2.84741	2.22842	0.247191	8.25411	-6.74791	
8.3988	-6.83186	-2.83085	2.23465	0.23708	8.25648	-6.78122	
8.48221	-6.95918	-2.82803	2.23634	0.223318	8.44494	-6.95805	
8.55169	-7.06531	-2.78607	2.23537	0.204686	8.39359	-7.01743	
8.61007	-7.20001	-2.79382	2.21363	0.165605	8.54925	-7.24433	
8.72298	-7.33246	-2.93058	2.24141	0.205892	8.64403	-7.39047	
8.78671	-7.47764	-2.94419	2.2168	0.163073	8.73559	-7.5421	
8.8438	-7.59535	-2.79962	2.19193	0.103652	8.87176	-7.71912	
8.90821	-7.73708	-2.80038	2.172	0.0724001	8.84538	-7.75497	
8.98585	-7.8574	-2.81808	2.17375	0.0726344	8.88333	-7.88636	
9.03372	-7.99909	-2.82448	2.14254	0.0303013	8.95966	-8.0381	
9.06173	-8.11331	-2.66495	2.09835	-0.0476677	8.8564	-8.01424	
9.11563	-8.24758	-2.66116	2.07864	-0.0683205	9.05896	-8.24314	
9.19384	-8.3729	-2.7162	2.08701	-0.0452633	9.17781	-8.47056	
9.2288	-8.51423	-2.72404	2.05129	-0.0853047	9.15332	-8.54857	
9.25872	-8.64099	-2.61946	2.00627	-0.153975	9.22922	-8.6898	
9.30034	-8.7773	-2.61626	1.98212	-0.17274	9.24541	-8.76863	
9.46135	-8.9244	-2.92799	2.09569	0.0424177	9.37748	-9.00609	
9.50327	-9.08271	-2.95093	2.06084	-0.00125487	9.44703	-9.15328	
9.53905	-9.2039	-2.85387	2.02733	-0.0588699	9.50096	-9.25642	
9.58429	-9.34192	-2.85781	2.00761	-0.0788553	9.54157	-9.35195	
9.61392	-9.46416	-2.78791	1.97437	-0.127852	9.47534	-9.42627	
9.63194	-9.6164	-2.80114	1.93169	-0.170966	9.54779	-9.64959	
9.69934	-9.75635	-2.85546	1.94276	-0.134899	9.69942	-9.88416	
9.71967	-9.90881	-2.86737	1.9058	-0.170546	9.64606	-9.9341	
9.72533	-10.0474	-2.76992	1.84781	-0.253871	9.60087	-9.96395	
9.76319	-10.1838	-2.75633	1.83572	-0.251964	9.73801	-10.1396	
9.80082	-10.3217	-2.75909	1.82158	-0.255829	9.92627	-10.4745	
9.81169	-10.4658	-2.76682	1.78877	-0.279114	9.75524	-10.4732	
9.8554	-10.6139	-2.79849	1.79325	-0.242139	9.71825	-10.5087	
9.87889	-10.7646	-2.79733	1.7729	-0.250356	9.85048	-10.7526	
9.87862	-10.9087	-2.73561	1.72157	-0.31686	9.88465	-10.9383	
9.88357	-11.0588	-2.73537	1.69162	-0.331485	9.83614	-11.041	
9.8999	-11.1942	-2.74146	1.67853	-0.324062	9.83952	-11.1692	
9.8936	-11.3396	-2.75271	1.64529	-0.343463	9.84568	-11.3496	
9.9074	-11.481	-2.76763	1.63477	-0.330457	9.87961	-11.5637	
9.89203	-11.6275	-2.77926	1.59923	-0.352055	9.83206	-11.6307	
9.81037	-11.749	-2.64815	1.46322	-0.565218	9.85311	-11.8523	
9.78491	-11.876	-2.64332	1.42854	-0.572762	9.74928	-11.8442	
9.76501	-12.0052	-2.64571	1.40347	-0.565061	9.69694	-11.9706	
9.71761	-12.1433	-2.66225	1.35664	-0.585428	9.65354	-12.1497	
9.64716	-12.2678	-2.62933	1.26407	-0.699608	9.72311	-12.3964	
9.59353	-12.3871	-2.62605	1.22039	-0.709544	9.54859	-12.3478	
9.47152	-12.4895	-2.58412	1.07325	-0.905998	9.39039	-12.3902	
9.3985	-12.5945	-2.57868	1.02099	-0.914049	9.36086	-12.5501	
9.32707	-12.714	-2.57841	0.978888	-0.900043	9.34456	-12.7106	
9.24247	-12.8181	-2.56478	0.925563	-0.905479	9.22134	-12.7613	
9.07018	-12.8873	-2.56825	0.724464	-1.18688	9.15326	-13.0031	
8.94168	-12.9715	-2.59537	0.645955	-1.20479	8.84161	-12.9519	
8.8032	-13.0431	-2.60862	0.546687	-1.26154	8.71632	-12.9613	
8.67755	-13.1011	-2.5954	0.472023	-1.26903	8.66358	-13.0431	
8.53717	-13.1452	-2.62238	0.368618	-1.3422	8.54518	-13.1702	
8.40245	-13.1842	-2.63085	0.294211	-1.34857	8.35763	-13.1557	
8.22683	-13.1959	-2.68748	0.154349	-1.46983	8.22926	-13.1698	
8.07285	-13.2029	-2.68867	0.0649218	-1.47878	8.03583	-13.1513	
7.92548	-13.2025	-2.67923	-0.014858	-1.47123	7.82914	-13.0525	
7.77709	-13.1893	-2.67833	-0.0996488	-1.47563	7.76538	-13.1647	
7.69842	-13.2288	-2.51254	-0.0650288	-1.26861	7.66146	-13.3079	
7.54587	-13.2289	-2.55895	-0.122002	-1.25371	7.44786	-13.2517	
7.40666	-13.2104	-2.54436	-0.179935	-1.22738	7.21108	-13.0985	
7.24349	-13.1979	-2.58961	-0.23404	-1.20617	7.16011	-13.2382	
7.09789	-13.129	-2.66334	-0.342223	-1.29181	6.88472	-12.9588	
6.94252	-13.1011	-2.71338	-0.387446	-1.26383	6.84891	-13.1493	
6.80956	-13.0569	-2.69161	-0.438571	-1.2334	6.77424	-13.2337	
6.64489	-13.0135	-2.73851	-0.481291	-1.19966	6.55759	-13.0679	
6.53258	-12.9997	-2.57807	-0.46971	-1.05172	6.40137	-13.0799	
6.36391	-12.9676	-2.6327	-0.488139	-1.00156	6.26174	-13.0534	
6.23671	-12.9207	-2.5907	-0.512927	-0.947799	6.10143	-13.0076	
6.06331	-12.8816	-2.65035	-0.522618	-0.894917	5.94198	-12.9494	
5.93739	-12.7581	-2.79768	-0.638317	-1.03089	5.79854	-12.8478	
5.77696	-12.6978	-2.85443	-0.651907	-0.983669	5.65107	-12.7365	
5.65939	-12.6468	-2.71935	-0.647822	-0.872608	5.50547	-12.5721	
5.50695	-12.582	-2.74985	-0.661308	-0.83126	5.43839	-12.652	
5.38299	-12.4646	-2.8186	-0.731027	-0.877847	5.27506	-12.4782	
5.22266	-12.3918	-2.85656	-0.735039	-0.824841	5.1307	-12.4684	
5.10621	-12.3038	-2.81617	-0.759539	-0.789367	5.04446	-12.3808	
4.97305	-12.2116	-2.83252	-0.780699	-0.762821	4.92985	-12.2499	
4.8692	-12.1003	-2.85759	-0.824466	-0.772453	4.75061	-11.9803	
4.76465	-12.0094	-2.85686	-0.848884	-0.756151	4.75915	-12.0666	
4.66333	-11.8822	-2.8832	-0.898541	-0.77144	4.69113	-11.9084	
4.59131	-11.7485	-2.86481	-0.959864	-0.79476	4.64378	-11.7442	
4.52563	-11.651	-2.71459	-0.988059	-0.758698	4.59746	-11.6205	
4.47472	-11.5265	-2.6863	-1.04769	-0.781906	4.54975	-11.5706	
4.36536	-11.3411	-3.01513	-1.10537	-0.828544	4.47442	-11.3673	
4.34745	-11.1856	-2.99643	-1.18875	-0.880496	4.44059	-11.1496	
4.35456	-11.0638	-2.76042	-1.27372	-0.927084	4.43713	-11.024	
4.3562	-10.9109	-2.74028	-1.35928	-0.970787	4.45136	-10.93	
4.33705	-10.7632	-2.73468	-1.41946	-0.97953	4.44745	-10.786	
4.35966	-10.6115	-2.71979	-1.50692	-1.02174	4.45788	-10.6457	
4.36048	-10.4667	-2.71315	-1.56681	-1.02677	4.46329	-10.5756	
4.38607	-10.3177	-2.70934	-1.64131	-1.04907	4.44057	-10.3382	
4.41224	-10.1727	-2.70016	-1.70962	-1.06403	4.51895	-10.2367	
4.46884	-10.0245	-2.70433	-1.79473	-1.09574	4.54925	-10.0439	
4.49536	-9.88075	-2.72137	-1.83577	-1.06171	4.63224	-9.9707	
4.56555	-9.73615	-2.73147	-1.91594	-1.0867	4.63755	-9.74952	
4.57161	-9.57892	-2.77627	-1.90584	-0.968823	4.60757	-9.4335	
4.65643	-9.43639	-2.79091	-1.98296	-0.995182	4.74589	-9.4609	
4.73276	-9.30144	-2.79217	-2.0467	-1.0058	4.89179	-9.39473	
4.84372	-9.15764	-2.8302	-2.12773	-1.03213	4.94849	-9.13867	
4.92638	-9.03678	-2.8374	-2.18385	-1.0387	4.95209	-8.96272	
5.0172	-8.92702	-2.83744	-2.24074	-1.04412	5.04121	-8.94979	
5.08569	-8.79904	-2.82795	-2.24627	-0.947641	5.20806	-8.88942	
5.20598	-8.67006	-2.86062	-2.30742	-0.954354	5.26887	-8.63564	
5.30764	-8.56573	-2.86527	-2.35561	-0.95286	5.3785	-8.56768	
5.42031	-8.45879	-2.88521	-2.40536	-0.953176	5.44864	-8.42738	
5.50849	-8.34493	-2.85809	-2.40724	-0.855705	5.56465	-8.44845	
5.60892	-8.24551	-2.83365	-2.44658	-0.849992	5.53862	-8.24357	
5.68758	-8.11989	-2.8066	-2.42155	-0.713403	5.64921	-8.02513	
5.81688	-8.0065	-2.83607	-2.45956	-0.709405	5.85094	-7.95601	
5.9156	-7.89001	-2.8226	-2.45256	-0.619131	5.93492	-7.84119	
6.04354	-7.78108	-2.84427	-2.48345	-0.61406	6.05986	-7.73559	
6.13952	-7.66392	-2.82245	-2.4631	-0.507084	6.13741	-7.63243	
6.26139	-7.56334	-2.82754	-2.48851	-0.50412	6.25659	-7.54336	
6.36745	-7.45518	-2.81263	-2.47978	-0.430539	6.39143	-7.46358	
6.48246	-7.36371	-2.8008	-2.50161	-0.429352	6.452	-7.36418	
6.6039	-7.28238	-2.81662	-2.54181	-0.473411	6.47916	-7.09783	
6.72978	-7.19077	-2.84151	-2.56155	-0.467855	6.7556	-7.14598	
6.79981	-7.05695	-2.77386	-2.47765	-0.25172	6.68682	-6.93297	
6.91011	-6.96231	-2.76196	-2.48741	-0.248095	6.86356	-6.94732	
7.04696	-6.88669	-2.77407	-2.53252	-0.309689	7.08741	-6.92602	
7.17133	-6.7903	-2.78253	-2.54365	-0.303051	7.15695	-6.75136	
7.26156	-6.67396	-2.73982	-2.48734	-0.155851	7.29976	-6.68807	
7.37695	-6.57888	-2.73847	-2.49236	-0.152145	7.35505	-6.56058	
7.53515	-6.54263	-2.78463	-2.60191	-0.35632	7.53544	-6.5372	
7.65556	-6.47035	-2.78719	-2.6189	-0.355332	7.65664	-6.46417	
7.77457	-6.38698	-2.76765	-2.61942	-0.319585	7.67559	-6.34628	
7.89498	-6.32491	-2.74047	-2.64099	-0.325331	7.85193	-6.35845	
8.01885	-6.24941	-2.72443	-2.64431	-0.295063	8.03231	-6.28406	
8.14946	-6.17167	-2.72946	-2.65576	-0.289602	8.13749	-6.14586	
8.23327	-6.07537	-2.67007	-2.59915	-0.1498	8.21488	-6.01843	
8.34772	-5.99305	-2.68258	-2.59815	-0.139902	8.33626	-5.94674	
8.50227	-5.94151	-2.72735	-2.66268	-0.253522	8.50318	-5.89335	
8.64002	-5.86997	-2.73627	-2.67565	-0.252016	8.65894	-5.86309	
8.73486	-5.7669	-2.66306	-2.61083	-0.0972509	8.77185	-5.74314	
8.86165	-5.6807	-2.67464	-2.60836	-0.0881293	8.85444	-5.64273	
8.95512	-5.58844	-2.63865	-2.56145	0.0132763	9.02394	-5.6024	
9.06492	-5.50107	-2.65147	-2.55112	0.0242618	9.05088	-5.45385	
9.21045	-5.44515	-2.69489	-2.61287	-0.104287	9.04088	-5.29691	
9.34043	-5.35935	-2.70795	-2.61188	-0.0966016	9.34223	-5.32623	
9.42767	-5.24825	-2.63913	-2.53891	0.0540015	9.39579	-5.21659	
9.5489	-5.15683	-2.65011	-2.53075	0.0599612	9.55303	-5.13194	
9.64786	-5.05501	-2.61622	-2.48179	0.151818	9.75019	-5.14652	
9.76134	-4.95736	-2.62581	-2.46785	0.158066	9.7586	-4.93134	
9.85514	-4.84653	-2.60258	-2.41513	0.24367	9.9198	-4.86941	
9.96058	-4.74897	-2.60357	-2.40043	0.245062	9.95641	-4.74358	
10.0417	-4.62527	-2.5856	-2.3365	0.338222	10.0029	-4.54771	
10.1413	-4.50341	-2.60839	-2.3077	0.349112	10.1428	-4.45119	
10.2275	-4.3812	-2.61042	-2.26672	0.386408	10.1981	-4.26556	
10.3285	-4.24129	-2.65463	-2.23346	0.398499	10.3644	-4.16342	
10.4556	-4.15204	-2.67959	-2.28	0.26995	10.5985	-4.12247	
10.5508	-4.01538	-2.70887	-2.2526	0.282616	10.5415	-3.9454	
10.6519	-3.9	-2.71978	-2.24706	0.263084	10.7092	-3.85166	
10.7479	-3.77395	-2.73443	-2.22972	0.265927	10.7616	-3.75002	
10.7949	-3.62665	-2.70296	-2.13723	0.415464	10.795	-3.60617	
10.87	-3.4907	-2.71292	-2.10834	0.421744	10.8527	-3.46164	
10.9786	-3.3968	-2.73187	-2.16161	0.275281	10.9584	-3.30584	
11.0541	-3.25073	-2.77462	-2.13367	0.289446	11.0447	-3.1561	
11.0958	-3.09433	-2.75987	-2.04783	0.423643	11.1178	-2.98807	
11.1614	-2.93491	-2.79012	-2.01326	0.4351	11.1427	-2.86566	
11.2122	-2.78376	-2.79437	-1.96769	0.473557	11.1491	-2.68183	
11.2675	-2.61882	-2.82466	-1.93203	0.48303	11.2525	-2.55311	
11.2027	-2.41018	-2.82052	-1.70838	0.865237	11.1188	-2.36202	
11.2098	-2.25673	-2.81368	-1.65523	0.871321	11.1594	-2.25598	
11.3215	-2.17064	-2.71103	-1.79558	0.500326	11.2029	-2.09837	
11.3532	-2.00845	-2.73662	-1.76461	0.502297	11.3525	-1.95787	
11.3593	-1.85312	-2.73934	-1.70647	0.560163	11.3011	-1.79507	
11.3699	-1.69596	-2.74844	-1.66975	0.565891	11.3326	-1.67041	
11.3067	-1.5386	-2.76454	-1.53344	0.772042	11.0622	-1.44342	
11.2925	-1.39061	-2.77844	-1.48965	0.776624	11.2595	-1.35818	
11.2435	-1.23043	-2.80087	-1.39733	0.872832	11.1658	-1.23674	
11.2025	-1.09938	-2.76749	-1.34343	0.881282	11.1524	-1.15803	
11.0782	-0.944296	-2.85664	-1.16831	1.13481	10.8534	-0.929069	
11.0095	-0.794654	-2.88858	-1.10678	1.13688	10.9584	-0.728742	
10.9645	-0.664977	-2.82505	-1.09325	1.03653	10.8608	-0.663121	
10.885	-0.535291	-2.81633	-1.03232	1.04168	10.8648	-0.553034	
10.7863	-0.405331	-2.84359	-0.949805	1.09297	10.8451	-0.437482	
10.6845	-0.298136	-2.82025	-0.880221	1.10599	10.6542	-0.347474	
10.5141	-0.184014	-2.95378	-0.725223	1.29138	10.5062	-0.245062	
10.3805	-0.0996429	-2.93177	-0.641503	1.30823	10.3438	-0.150982	
10.2928	-0.0169378	-2.81523	-0.613595	1.22338	10.4884	-0.0812124	
10.16	0.036526	-2.77824	-0.527956	1.24942	10.1537	-0.0482457	
10.0133	0.101067	-2.79855	-0.443736	1.27565	9.92588	0.00395802	
9.86778	0.126506	-2.76375	-0.348971	1.30929	9.85676	0.0351738	
9.71572	0.164245	-2.77283	-0.265702	1.32592	9.63973	0.0585714	
9.56151	0.152031	-2.73803	-0.156333	1.3744	9.54669	0.0374948	
9.40594	0.165863	-2.75117	-0.0748708	1.3824	9.32242	0.112393	
9.25352	0.166089	-2.75027	0.0061334	1.38866	9.24446	0.153574	
9.10282	0.162318	-2.74758	0.0803558	1.3854	9.0614	0.20077	
8.95374	0.17919	-2.75785	0.126627	1.34639	8.94752	0.260272	
8.84641	0.125971	-2.58266	0.231296	1.39324	8.90199	0.247143	
8.71876	0.140984	-2.57243	0.260118	1.3341	8.76016	0.263752	
8.5258	0.178044	-2.79307	0.238	1.19021	8.46355	0.258809	
8.37497	0.171505	-2.79046	0.272348	1.15102	8.35367	0.252596	
8.22076	0.141752	-2.80063	0.320062	1.13019	8.05161	0.241868	
8.07341	0.137227	-2.78689	0.338843	1.07661	8.05411	0.247878	
7.9253	0.0989554	-2.78631	0.382599	1.05721	7.78653	0.205765	
7.77875	0.0700043	-2.77829	0.411636	1.02124	7.74339	0.144028	
7.63334	0.0311936	-2.80243	0.435836	0.972973	7.77346	0.0969346	
7.48932	-0.0127589	-2.79529	0.467108	0.945853	7.45362	0.0452052	
7.32277	-0.0264258	-2.88263	0.43785	0.822689	7.15329	0.0425189	
7.1894	-0.0566925	-2.86329	0.450702	0.788716	7.16618	0.0287673	
7.09291	-0.147892	-2.75017	0.545644	0.884461	7.17215	-0.0469302	
6.96397	-0.206673	-2.73407	0.575637	0.862078	6.95426	-0.147757	
6.85782	-0.303821	-2.69347	0.652535	0.916936	6.83008	-0.250179	
6.74603	-0.383187	-2.67725	0.693848	0.906475	6.76395	-0.345347	
6.65673	-0.494176	-2.64539	0.776608	0.96583	6.74798	-0.457727	
6.55447	-0.590492	-2.63854	0.823276	0.958509	6.54569	-0.565853	
6.51448	-0.765282	-2.60243	0.99665	1.16935	6.565	-0.754748	
6.44257	-0.899726	-2.61619	1.0692	1.17809	6.4494	-0.940848	
6.39284	-1.03761	-2.63336	1.15451	1.21921	6.44213	-1.11266	
6.34339	-1.17989	-2.66218	1.22573	1.22787	6.34405	-1.26138	
6.29726	-1.30151	-2.65838	1.27076	1.19431	6.39474	-1.36501	
6.26058	-1.42935	-2.65951	1.32971	1.19339	6.25356	-1.42931	
6.26567	-1.59731	-2.71169	1.46357	1.32898	6.24787	-1.61119	
6.25209	-1.73645	-2.7201	1.52893	1.32652	6.23547	-1.75335	
6.28954	-1.91642	-2.78635	1.67072	1.45337	6.41111	-1.93027	
6.31762	-2.06458	-2.77846	1.75487	1.45921	6.34873	-2.05372	
6.32901	-2.18567	-2.68188	1.7839	1.35486	6.53066	-2.26346	
6.36575	-2.33002	-2.68478	1.85856	1.35451	6.36917	-2.33894	
6.37665	-2.45862	-2.61582	1.88247	1.2587	6.27034	-2.51837	
6.405	-2.62226	-2.66227	1.93156	1.22799	6.34287	-2.73391	
6.46232	-2.77814	-2.71306	2.00184	1.23678	6.45883	-2.92313	
6.50513	-2.9444	-2.76095	2.04287	1.198	6.43866	-3.06257	
6.55631	-3.08481	-2.73945	2.08122	1.14975	6.49154	-3.20004	
6.60778	-3.24491	-2.77749	2.11417	1.10858	6.53579	-3.34211	
6.66885	-3.37878	-2.73645	2.14639	1.05554	6.70146	-3.53446	
6.72437	-3.53819	-2.77311	2.16796	1.00724	6.64657	-3.63945	
6.78979	-3.67486	-2.75297	2.19485	0.96178	6.70956	-3.81739	
6.84309	-3.84155	-2.79322	2.19917	0.898684	6.74885	-3.96368	
6.89845	-3.9706	-2.72723	2.20873	0.83309	6.73758	-4.06653	
6.95118	-4.13667	-2.76269	2.20373	0.767981	6.85796	-4.25464	
7.06013	-4.28619	-2.86796	2.25284	0.791015	7.10395	-4.49091	
7.12629	-4.45107	-2.89774	2.24892	0.730727	7.04679	-4.55716	
7.19581	-4.57913	-2.84071	2.25766	0.681756	7.02393	-4.64459	
7.24909	-4.7492	-2.86582	2.23623	0.607816	7.13435	-4.85502	
7.30235	-4.86258	-2.77329	2.23023	0.545736	7.24619	-4.97656	
7.35353	-4.99936	-2.78013	2.2195	0.498644	7.25317	-5.04605	
7.46132	-5.1291	-2.91509	2.26459	0.546955	7.22054	-5.09604	
7.52171	-5.27543	-2.9297	2.25027	0.494837	7.43604	-5.34825	
7.56713	-5.38552	-2.75364	2.23147	0.413643	7.40989	-5.38617	
7.63271	-5.52816	-2.75914	2.22251	0.374239	7.55662	-5.56714	
7.72323	-5.65453	-2.80787	2.24439	0.384992	7.39379	-5.52612	
7.8019	-5.79592	-2.81829	2.24127	0.354839	7.76459	-5.8425	
7.84891	-5.90392	-2.64517	2.21908	0.281141	7.84699	-6.00602	
7.917	-6.03209	-2.64445	2.21413	0.256162	7.85921	-6.04502	
8.01845	-6.15871	-2.72387	2.23893	0.279966	7.89511	-6.1416	
8.09132	-6.30159	-2.73782	2.22611	0.245433	8.05619	-6.36041	
8.20192	-6.43559	-2.82112	2.24972	0.266856	8.2234	-6.53735	
8.28058	-6.58325	-2.83761	2.23601	0.232123	8.25446	-6.64851	
8.33315	-6.69191	-2.68155	2.21383	0.171259	8.32206	-6.77114	
8.39376	-6.82654	-2.67963	2.19528	0.137334	8.31728	-6.8399	
8.46351	-6.94588	-2.65727	2.19016	0.119941	8.2713	-6.91098	
8.51431	-7.09682	-2.66857	2.15609	0.0708304	8.44183	-7.15372	
8.62058	-7.23183	-2.77391	2.1818	0.112723	8.54154	-7.25975	
8.68538	-7.38976	-2.79605	2.15439	0.0722777	8.65899	-7.4699	
8.73454	-7.51343	-2.67755	2.12172	0.00882041	8.83598	-7.68162	
8.80006	-7.64308	-2.6754	2.11219	-0.00320133	8.76769	-7.64094	
8.90228	-7.77747	-2.77908	2.13984	0.0480338	8.77916	-7.72457	
8.97277	-7.91964	-2.78848	2.12729	0.0299088	8.95669	-7.95155	
9.05782	-8.05089	-2.83801	2.13453	0.0427292	9.1081	-8.22433	
9.107	-8.19554	-2.85089	2.1057	0.00563858	9.05476	-8.24211	
9.1307	-8.31737	-2.67938	2.05082	-0.0904672	9.13825	-8.4037	
9.18301	-8.45378	-2.67753	2.03246	-0.106498	9.14025	-8.44981	
9.25277	-8.58733	-2.69734	2.03232	-0.0955694	9.22081	-8.59155	
9.29654	-8.73607	-2.70554	2.00417	-0.122696	9.25031	-8.76071	
9.35965	-8.87436	-2.72139	1.99935	-0.117202	9.30208	-8.90831	
9.39746	-9.02595	-2.72922	1.96892	-0.145458	9.34431	-9.04587	
9.46587	-9.15826	-2.78396	1.98066	-0.109987	9.39993	-9.18842	
9.49326	-9.31289	-2.80583	1.94367	-0.146889	9.4452	-9.37195	
9.54716	-9.45743	-2.8108	1.9352	-0.145979	9.48751	-9.46421	
9.58349	-9.617	-2.82363	1.90797	-0.168463	9.55098	-9.64789	
9.63728	-9.75286	-2.8511	1.91039	-0.147724	9.57122	-9.75525	
9.66314	-9.90479	-2.86698	1.88104	-0.173384	9.62408	-9.94149	
9.68514	-10.0347	-2.82197	1.84996	-0.212167	9.61433	-9.96417	
9.73065	-10.1636	-2.81584	1.84735	-0.202827	9.7457	-10.1502	
9.72934	-10.3028	-2.71614	1.78327	-0.297593	9.77731	-10.3295	
9.76076	-10.4482	-2.71632	1.76814	-0.29615	9.76557	-10.4501	
9.81507	-10.6029	-2.76824	1.78223	-0.243487	9.89592	-10.7137	
9.84675	-10.7514	-2.7686	1.7697	-0.242468	9.85066	-10.7537	
9.8507	-10.8824	-2.72341	1.72891	-0.293176	9.84397	-10.9287	
9.86415	-11.025	-2.73434	1.70696	-0.301457	9.85693	-11.0512	
9.87996	-11.1572	-2.73765	1.69471	-0.294025	9.74773	-11.0482	
9.8768	-11.31	-2.76023	1.66158	-0.314952	9.84407	-11.3565	
9.8977	-11.4515	-2.78654	1.66172	-0.284072	9.79495	-11.4686	
9.88628	-11.6069	-2.80962	1.62656	-0.307806	9.83943	-11.6467	
9.80232	-11.7373	-2.65997	1.48656	-0.526818	9.76634	-11.6976	
9.77916	-11.879	-2.65571	1.45154	-0.533913	9.74774	-11.8511	
9.74185	-12.0237	-2.63974	1.39501	-0.582458	9.7856	-12.1262	
9.69666	-12.1663	-2.64388	1.34957	-0.597526	9.64482	-12.1455	
9.65595	-12.3059	-2.64174	1.31014	-0.607213	9.57233	-12.2948	
9.5979	-12.4517	-2.6567	1.26292	-0.621878	9.55167	-12.4583	
9.47596	-12.5667	-2.60061	1.11928	-0.814017	9.37132	-12.4833	
9.39943	-12.688	-2.59807	1.06582	-0.82386	9.359	-12.6499	
9.23955	-12.7723	-2.57425	0.880396	-1.07923	9.16109	-12.6848	
9.12487	-12.8685	-2.59287	0.805173	-1.10076	9.028	-12.8337	
8.97183	-12.9496	-2.60879	0.667589	-1.23455	8.85918	-12.7953	
8.85549	-13.023	-2.5948	0.59567	-1.24041	8.84257	-12.9684	
8.74297	-13.099	-2.58338	0.542766	-1.21051	8.66865	-13.0114	
8.60497	-13.1659	-2.59573	0.467551	-1.21807	8.55319	-13.1445	
8.40213	-13.1651	-2.67772	0.25529	-1.49123	8.27267	-12.996	
8.27042	-13.1862	-2.67109	0.176056	-1.49705	8.25965	-13.1488	
8.16069	-13.2232	-2.58892	0.157333	-1.3737	8.04571	-13.0646	
8.00629	-13.2442	-2.61007	0.0802012	-1.37178	7.95841	-13.2508	
7.86441	-13.2572	-2.61374	0.00971287	-1.36594	7.86599	-13.4154	
7.70078	-13.2562	-2.64481	-0.0670937	-1.36271	7.62489	-13.249	
7.57731	-13.2561	-2.6182	-0.112367	-1.31888	7.50783	-13.2944	
7.42503	-13.244	-2.65539	-0.174988	-1.30938	7.3419	-13.2474	
7.26908	-13.1961	-2.7028	-0.276051	-1.36463	7.19781	-13.1973	
7.11004	-13.1567	-2.73139	-0.345582	-1.35439	7.04935	-13.1606	
6.97613	-13.1143	-2.68586	-0.396316	-1.30462	6.79473	-13.0433	
6.79161	-13.0865	-2.76185	-0.434101	-1.25649	6.65123	-13.1604	
6.66284	-13.0315	-2.77397	-0.4921	-1.25252	6.54114	-13.2079	
6.49292	-12.9907	-2.84229	-0.521008	-1.206	6.35317	-13.0396	
6.38689	-13.0035	-2.58914	-0.469211	-0.979812	6.27012	-13.1139	
6.2248	-12.9676	-2.63172	-0.488264	-0.935927	6.14459	-13.0471	
6.09144	-12.8723	-2.70221	-0.571814	-0.99895	5.99498	-12.9442	
5.93796	-12.8075	-2.73744	-0.60213	-0.968198	5.86379	-12.8408	
5.82536	-12.747	-2.70494	-0.628933	-0.931623	5.73761	-12.8672	
5.66826	-12.6942	-2.75641	-0.634801	-0.881456	5.55118	-12.7486	
5.55811	-12.6538	-2.65969	-0.62739	-0.78839	5.45236	-12.7392	
5.42181	-12.5945	-2.68725	-0.639399	-0.755359	5.35556	-12.6423	
5.31296	-12.5033	-2.71838	-0.688934	-0.778982	5.26451	-12.5511	
5.18915	-12.4242	-2.73873	-0.711955	-0.759477	5.13769	-12.4355	
5.07803	-12.3369	-2.72674	-0.745108	-0.74907	5.1317	-12.5744	
4.96238	-12.2376	-2.73368	-0.779647	-0.741077	4.94432	-12.2438	
4.86094	-12.0896	-2.89614	-0.871151	-0.844072	4.89215	-12.1623	
4.76608	-11.9752	-2.90273	-0.912256	-0.842329	4.75047	-11.9578	
4.68806	-11.8772	-2.8187	-0.940006	-0.811591	4.6421	-11.7788	
4.61758	-11.758	-2.81197	-0.989235	-0.822231	4.63967	-11.7513	
4.53251	-11.6177	-2.90824	-1.04205	-0.846728	4.58347	-11.632	
4.49501	-11.4777	-2.89033	-1.11335	-0.882552	4.56619	-11.4576	
4.42503	-11.3298	-2.96018	-1.16065	-0.888571	4.46846	-11.2092	
4.40008	-11.1782	-2.95218	-1.23404	-0.924311	4.46017	-11.1425	
4.41053	-11.0534	-2.74229	-1.32437	-0.979201	4.43672	-11.0976	
4.39328	-10.9109	-2.72817	-1.3885	-0.992857	4.43803	-10.9525	
4.36652	-10.7708	-2.75419	-1.43355	-0.984537	4.40556	-10.7068	
4.38037	-10.6331	-2.74425	-1.50642	-1.01422	4.45507	-10.6618	
4.44314	-10.5142	-2.60195	-1.63172	-1.13162	4.44716	-10.5583	
4.45103	-10.3948	-2.59001	-1.68299	-1.12623	4.45187	-10.4417	
4.46336	-10.264	-2.60114	-1.73237	-1.11471	4.45602	-10.2142	
4.50564	-10.1335	-2.60644	-1.80335	-1.13255	4.55349	-10.1343	
4.49887	-9.98695	-2.65621	-1.80354	-1.03053	4.56608	-10.005	
4.54282	-9.84472	-2.66031	-1.86537	-1.03629	4.55922	-9.84124	
4.59762	-9.70579	-2.6594	-1.93272	-1.05214	4.62339	-9.6559	
4.6782	-9.56191	-2.6841	-2.01007	-1.07298	4.7439	-9.53522	
4.6732	-9.41785	-2.72622	-1.9652	-0.905114	4.74852	-9.27389	
4.75853	-9.28092	-2.76284	-2.03163	-0.926279	4.8446	-9.24095	
4.88444	-9.17781	-2.74579	-2.16451	-1.07188	4.98605	-9.20516	
4.97909	-9.05868	-2.76808	-2.22719	-1.08033	5.02283	-9.03066	
4.98257	-8.92649	-2.75031	-2.15106	-0.848374	5.12819	-8.95913	
5.08056	-8.79693	-2.7902	-2.20223	-0.854434	5.14109	-8.73073	
5.20778	-8.69227	-2.79162	-2.29693	-0.936224	5.33883	-8.81618	
5.32421	-8.57677	-2.80806	-2.35421	-0.941146	5.36408	-8.56805	
5.35409	-8.44266	-2.77974	-2.28622	-0.728798	5.38848	-8.31037	
5.46874	-8.32118	-2.82579	-2.32755	-0.729972	5.53874	-8.25196	
5.57993	-8.21818	-2.84156	-2.38036	-0.762354	5.56632	-8.04704	
5.69917	-8.10762	-2.8756	-2.4199	-0.761135	5.7459	-8.05196	
5.75981	-7.98324	-2.84668	-2.37338	-0.598045	5.78426	-7.91676	
5.86094	-7.88565	-2.84419	-2.40195	-0.596887	5.84978	-7.88144	
5.9512	-7.77694	-2.83933	-2.40231	-0.5406	5.92249	-7.69769	
6.0552	-7.67662	-2.84361	-2.42575	-0.53659	6.04031	-7.64732	
6.1618	-7.56608	-2.8363	-2.43166	-0.489982	6.16773	-7.55437	
6.27329	-7.46511	-2.82789	-2.45487	-0.486603	6.23866	-7.45306	
6.40179	-7.38397	-2.85036	-2.51552	-0.565672	6.25322	-7.17734	
6.52714	-7.29032	-2.87363	-2.54144	-0.561732	6.55461	-7.24907	
6.66703	-7.21016	-2.88228	-2.58752	-0.591746	6.67172	-7.23041	
6.79103	-7.13673	-2.85979	-2.61994	-0.593239	6.74664	-7.15616	
6.86441	-7.0338	-2.78886	-2.56594	-0.426477	6.79888	-6.99594	
6.97665	-6.96053	-2.78062	-2.5864	-0.426197	6.95342	-6.96092	
7.11357	-6.88728	-2.78607	-2.61887	-0.442031	7.17955	-6.9446	
7.25055	-6.79352	-2.80812	-2.63357	-0.430166	7.24929	-6.7261	
7.34296	-6.68267	-2.74184	-2.5712	-0.254597	7.42782	-6.72337	
7.47085	-6.59029	-2.75355	-2.57849	-0.24659	7.46332	-6.54842	
7.59229	-6.50666	-2.74416	-2.58271	-0.228403	7.54452	-6.5069	
7.70667	-6.43859	-2.71598	-2.59809	-0.232906	7.65373	-6.46481	
7.85925	-6.39016	-2.74727	-2.664	-0.337082	7.8635	-6.45394	
7.98308	-6.32934	-2.72688	-2.68417	-0.339876	7.94162	-6.34466	
8.05792	-6.23271	-2.64923	-2.62226	-0.186775	7.89525	-6.11857	
8.16486	-6.16382	-2.64195	-2.62735	-0.182618	8.12355	-6.14389	
8.28962	-6.08756	-2.64078	-2.62955	-0.16781	8.31423	-6.05705	
8.42455	-6.00464	-2.66239	-2.63305	-0.160545	8.45315	-5.97158	
8.5305	-5.92877	-2.64708	-2.61851	-0.11689	8.53167	-5.90349	
8.64547	-5.85615	-2.65377	-2.6201	-0.111987	8.64207	-5.83392	
8.77868	-5.8037	-2.68153	-2.6553	-0.168393	8.88764	-5.82241	
8.90844	-5.71678	-2.7176	-2.65051	-0.152557	8.94256	-5.64534	
9.00927	-5.62689	-2.68008	-2.60283	-0.0422083	9.21669	-5.64514	
9.1328	-5.53151	-2.71439	-2.58968	-0.0242598	9.15342	-5.45253	
9.23263	-5.41916	-2.68081	-2.5308	0.0872625	9.16723	-5.29709	
9.35543	-5.30981	-2.70603	-2.51081	0.104514	9.34852	-5.23619	
9.45438	-5.19564	-2.68669	-2.45973	0.187549	9.39027	-5.1041	
9.56523	-5.089	-2.69587	-2.44032	0.197563	9.54207	-5.04728	
9.68165	-5.02034	-2.70873	-2.4673	0.126642	9.62802	-5.02338	
9.78056	-4.93831	-2.69795	-2.46072	0.126848	9.75	-4.94288	
9.87167	-4.82601	-2.66694	-2.40813	0.216007	9.88102	-4.86216	
9.97278	-4.73723	-2.64862	-2.39985	0.212118	9.94502	-4.76247	
10.0548	-4.61657	-2.62314	-2.33824	0.308789	10.0747	-4.62454	
10.1525	-4.49732	-2.63791	-2.31231	0.318383	10.1384	-4.4533	
10.2462	-4.38632	-2.63852	-2.29197	0.321082	10.1743	-4.32841	
10.3425	-4.27206	-2.64583	-2.27252	0.322932	10.3492	-4.25956	
10.4317	-4.16901	-2.65248	-2.25659	0.324168	10.56	-4.15868	
10.5236	-4.03833	-2.69477	-2.22977	0.334924	10.5557	-3.96034	
10.6412	-3.94995	-2.72379	-2.27185	0.221889	10.7738	-3.89129	
10.7319	-3.82103	-2.75756	-2.25009	0.232796	10.7394	-3.74821	
10.7581	-3.67222	-2.71524	-2.12913	0.443051	10.7674	-3.58281	
10.8356	-3.5257	-2.76101	-2.09531	0.455074	10.8596	-3.4348	
10.9475	-3.43439	-2.77452	-2.15568	0.292944	10.9601	-3.36033	
11.0284	-3.3015	-2.80157	-2.13606	0.297773	11.0504	-3.25128	
11.0581	-3.15536	-2.78094	-2.04435	0.445165	11.0282	-3.07488	
11.127	-3.00916	-2.81626	-2.01626	0.450827	11.1569	-2.944	
11.1231	-2.82537	-2.80882	-1.86861	0.689353	11.1386	-2.78926	
11.1617	-2.671	-2.81505	-1.82645	0.693733	11.141	-2.65084	
11.1687	-2.50563	-2.82236	-1.74066	0.785608	11.1042	-2.54354	
11.1837	-2.37889	-2.77833	-1.70078	0.784417	11.1497	-2.45904	
11.2871	-2.2907	-2.71682	-1.81824	0.474033	11.1658	-2.25651	
11.3265	-2.13276	-2.76027	-1.79312	0.47278	11.3591	-2.05184	
11.3368	-1.9771	-2.76135	-1.7349	0.53503	11.3117	-1.92025	
11.3575	-1.83683	-2.74565	-1.70624	0.534945	11.3504	-1.8663	
11.3725	-1.68683	-2.74592	-1.67015	0.549512	11.4185	-1.70062	
11.3804	-1.53573	-2.74552	-1.63688	0.552742	11.3568	-1.53205	
11.3143	-1.37241	-2.75885	-1.49592	0.770288	11.2541	-1.38373	
11.29	-1.22714	-2.74751	-1.44799	0.776597	11.2429	-1.24238	
11.1863	-1.05895	-2.81	-1.28313	1.01606	11.0754	-1.08747	
11.1241	-0.91664	-2.80203	-1.21816	1.02623	11.0544	-0.927069	
11.0552	-0.783936	-2.81812	-1.14591	1.06428	10.9247	-0.791254	
10.9857	-0.65383	-2.82439	-1.08783	1.0688	10.9434	-0.640459	
10.8659	-0.520841	-2.90172	-0.964969	1.20284	10.7146	-0.485949	
10.7752	-0.394766	-2.91773	-0.903887	1.20191	10.7471	-0.362528	
10.6835	-0.275515	-2.89125	-0.852913	1.17172	10.6895	-0.304531	
10.5691	-0.186309	-2.85433	-0.775194	1.1912	10.547	-0.266677	
10.4229	-0.0913182	-2.95455	-0.656814	1.30978	10.5032	-0.154501	
10.294	-0.0167889	-2.94453	-0.580651	1.32311	10.2485	-0.0475524	
10.1991	0.0461891	-2.82945	-0.545664	1.25484	10.1407	-0.0721585	
10.066	0.0715022	-2.78333	-0.452595	1.29629	10.0313	-0.0518611	
9.92897	0.125077	-2.78208	-0.37522	1.30911	10.0898	-0.00166396	
9.77715	0.139732	-2.75308	-0.275458	1.34619	9.74695	0.0464954	
9.62195	0.171577	-2.8227	-0.192728	1.3739	9.50401	0.0833188	
9.47857	0.181126	-2.81742	-0.112687	1.38826	9.45825	0.149456	
9.35997	0.160665	-2.62689	-0.0262216	1.39003	9.22819	0.16178	
9.22026	0.153858	-2.6192	0.053468	1.39518	9.24456	0.139817	
9.07463	0.164178	-2.69797	0.105317	1.37151	9.0729	0.205961	
8.9457	0.175626	-2.70019	0.146899	1.3374	8.96281	0.250937	
8.80373	0.17367	-2.74976	0.191727	1.3072	8.84168	0.257617	
8.66886	0.172128	-2.75195	0.23115	1.27407	8.65606	0.24536	
8.5241	0.157493	-2.79017	0.272526	1.24194	8.43549	0.247188	
8.38456	0.154139	-2.7914	0.300024	1.19763	8.34184	0.250769	
8.24215	0.12016	-2.78288	0.351814	1.18082	8.27073	0.243988	
8.09175	0.120861	-2.7726	0.364386	1.11571	8.03847	0.260731	
7.94941	0.100684	-2.81334	0.381005	1.05811	7.98053	0.204587	
7.80785	0.0749994	-2.81439	0.405912	1.02291	7.73327	0.149199	
7.64335	0.0610935	-2.89745	0.395142	0.925907	7.46173	0.143776	
7.5026	0.0436195	-2.88211	0.405057	0.881381	7.45455	0.149294	
7.39911	-0.0392196	-2.75931	0.498987	0.966596	7.37986	0.0951006	
7.26734	-0.0672443	-2.72568	0.512774	0.91942	7.26713	0.055036	
7.11965	-0.103386	-2.76893	0.506961	0.827068	7.32548	-0.0461763	
6.97966	-0.16713	-2.76903	0.539519	0.811139	6.93127	-0.133333	
6.93394	-0.317493	-2.60077	0.715032	1.04019	7.09668	-0.264116	
6.83189	-0.3954	-2.58041	0.758975	1.02511	6.84796	-0.34284	
6.66537	-0.395115	-2.66612	0.645646	0.736807	6.64638	-0.45061	
6.55879	-0.491424	-2.68327	0.691752	0.746872	6.54772	-0.536719	
6.50493	-0.656727	-2.61957	0.853324	0.954837	6.50462	-0.718	
6.42025	-0.787061	-2.63578	0.921704	0.972871	6.45451	-0.851695	
6.38355	-0.952527	-2.63985	1.06826	1.14187	6.42547	-0.999512	
6.32852	-1.0892	-2.66087	1.13892	1.15582	6.3554	-1.1624	
6.26268	-1.22929	-2.6769	1.19718	1.14373	6.14523	-1.27904	
6.2158	-1.38438	-2.6993	1.26876	1.151	6.2299	-1.45381	
6.26127	-1.61491	-2.79225	1.50962	1.47213	6.37158	-1.60661	
6.27296	-1.76406	-2.77698	1.59841	1.48271	6.34473	-1.75136	
6.27675	-1.89039	-2.74846	1.6559	1.45074	6.34	-1.88987	
6.30433	-2.02775	-2.74535	1.73591	1.45908	6.35828	-2.03886	
6.31483	-2.15566	-2.67582	1.77281	1.37181	6.45002	-2.23466	
6.3469	-2.30582	-2.68895	1.84591	1.36674	6.34057	-2.34076	
6.40248	-2.46033	-2.72689	1.93483	1.3907	6.4979	-2.56206	
6.45764	-2.60794	-2.74289	2.00707	1.38281	6.45265	-2.65056	
6.46262	-2.70693	-2.53401	1.99373	1.20451	6.46538	-2.81029	
6.50647	-2.85526	-2.56757	2.0402	1.17582	6.45762	-2.94003	
6.56608	-3.00295	-2.6282	2.09876	1.17672	6.36717	-3.08903	
6.61281	-3.17336	-2.6899	2.12288	1.11956	6.54349	-3.33906	
6.66767	-3.31303	-2.66756	2.1488	1.05915	6.6454	-3.53435	
6.71875	-3.48944	-2.73158	2.15822	0.992507	6.65608	-3.67065	
6.77016	-3.62523	-2.67917	2.16918	0.918764	6.70981	-3.81998	
6.81983	-3.7999	-2.73245	2.16711	0.849643	6.74422	-3.95901	
6.86066	-3.92889	-2.64402	2.16229	0.762694	6.72525	-4.05329	
6.90803	-4.10251	-2.69272	2.15099	0.694402	6.83817	-4.25449	
6.93273	-4.2143	-2.57001	2.1289	0.593834	6.86491	-4.32753	
6.98245	-4.35582	-2.60016	2.12726	0.554014	6.94879	-4.45387	
7.07745	-4.4879	-2.72223	2.17934	0.60944	6.99339	-4.57763	
7.14281	-4.63782	-2.76219	2.17885	0.569622	7.14339	-4.76622	
7.19077	-4.74688	-2.67856	2.17422	0.511938	7.11889	-4.79341	
7.25949	-4.87751	-2.69954	2.1822	0.489521	7.25883	-4.94719	
7.32563	-5.0015	-2.6573	2.18646	0.452768	7.28536	-5.09276	
7.38598	-5.1556	-2.68357	2.17428	0.406769	7.33925	-5.24908	
7.49723	-5.28887	-2.8461	2.22657	0.47426	7.33914	-5.30864	
7.56564	-5.43966	-2.87904	2.21527	0.430565	7.5499	-5.55354	
7.61513	-5.548	-2.7639	2.20057	0.367581	7.59167	-5.64447	
7.67972	-5.68068	-2.77739	2.19503	0.338077	7.64483	-5.73357	
7.7774	-5.81474	-2.83849	2.21968	0.355005	7.6402	-5.81769	
7.8564	-5.96832	-2.86198	2.2116	0.320887	7.84396	-6.051	
7.9037	-6.07928	-2.69564	2.18833	0.24748	7.91394	-6.15143	
7.9753	-6.21774	-2.7065	2.18212	0.22332	7.95018	-6.25957	
8.06604	-6.34198	-2.72269	2.19733	0.228694	8.10134	-6.38026	
8.1556	-6.46091	-2.72211	2.21169	0.230821	8.15891	-6.45832	
8.26655	-6.59133	-2.79911	2.23854	0.256601	8.3424	-6.65648	
8.35175	-6.72251	-2.8049	2.23954	0.240748	8.33273	-6.74641	
8.43281	-6.84168	-2.75256	2.23877	0.217234	8.46635	-6.96022	
8.49943	-6.98776	-2.76337	2.21734	0.176755	8.44383	-7.03914	
8.57902	-7.11409	-2.7443	2.21365	0.157445	8.53661	-7.23635	
8.62949	-7.279	-2.76467	2.17134	0.0957013	8.55761	-7.36836	
8.71012	-7.39988	-2.7861	2.1756	0.0973814	8.70486	-7.48959	
8.77749	-7.52724	-2.79277	2.16551	0.0792614	8.7565	-7.55536	
8.85118	-7.65465	-2.77238	2.15922	0.0636612	8.74707	-7.66927	
8.90756	-7.80728	-2.78299	2.12991	0.0240048	8.85031	-7.85391	
8.97343	-7.93721	-2.7536	2.11715	0.00235552	8.88546	-7.96913	
9.01685	-8.10037	-2.77023	2.07594	-0.0473501	8.95085	-8.16397	
9.08115	-8.23282	-2.7524	2.06497	-0.0606191	9.03618	-8.239	
9.15358	-8.36113	-2.74823	2.06481	-0.0568685	9.15149	-8.34807	
9.23595	-8.48701	-2.81389	2.08188	-0.0201095	9.14011	-8.44049	
9.28143	-8.62627	-2.82113	2.05684	-0.0487631	9.22902	-8.65053	
9.34496	-8.75164	-2.82985	2.05448	-0.046346	9.23666	-8.722	
9.39157	-8.89874	-2.84668	2.02869	-0.0743436	9.36398	-8.95164	
9.41896	-9.03199	-2.7288	1.97864	-0.155178	9.47823	-9.13791	
9.46802	-9.17035	-2.7252	1.963	-0.16371	9.43696	-9.1575	
9.52104	-9.30774	-2.72382	1.95235	-0.16527	9.44585	-9.27158	
9.5655	-9.45124	-2.72509	1.93386	-0.176386	9.53884	-9.45193	
9.62667	-9.59588	-2.74722	1.93196	-0.162991	9.6872	-9.68187	
9.67527	-9.74227	-2.75295	1.91818	-0.168586	9.67284	-9.75791	
9.74856	-9.88506	-2.82244	1.93605	-0.122542	9.86489	-10.0711	
9.782	-10.0282	-2.83137	1.91368	-0.141527	9.74713	-10.0467	
9.79022	-10.1639	-2.72514	1.85636	-0.22835	9.75497	-10.1932	
9.80325	-10.3278	-2.74272	1.81586	-0.261021	9.74697	-10.3629	
9.84751	-10.4749	-2.76746	1.81504	-0.235832	9.77249	-10.4428	
9.87516	-10.6294	-2.77517	1.79396	-0.245178	9.86261	-10.6462	
9.87321	-10.7722	-2.70546	1.73708	-0.321202	9.86786	-10.8223	
9.88019	-10.9278	-2.71499	1.70466	-0.338183	9.8455	-10.9408	
9.88786	-11.0748	-2.70093	1.67313	-0.359767	9.84594	-11.0973	
9.88085	-11.2333	-2.7139	1.63509	-0.3805	9.83549	-11.2481	
9.90042	-11.3743	-2.73922	1.63216	-0.351315	9.8926	-11.4631	
9.89307	-11.5258	-2.75999	1.6006	-0.366772	9.87136	-11.5692	
9.85978	-11.6721	-2.70616	1.52851	-0.459546	9.89882	-11.7746	
9.81976	-11.8366	-2.73131	1.47638	-0.489513	9.74749	-11.8623	
9.77023	-11.9808	-2.69658	1.4025	-0.57212	9.75738	-12.0161	
9.71682	-12.1373	-2.71727	1.35007	-0.595011	9.65408	-12.1513	
9.62441	-12.2701	-2.67081	1.23502	-0.740245	9.60373	-12.2428	
9.56868	-12.3951	-2.65496	1.1911	-0.744771	9.54006	-12.3354	
9.42792	-12.5056	-2.61133	1.02633	-0.963465	9.38815	-12.3607	
9.35512	-12.6091	-2.58523	0.975271	-0.96333	9.35049	-12.5377	
9.21344	-12.7136	-2.59233	0.826452	-1.13724	9.33568	-12.8372	
9.09966	-12.8065	-2.59058	0.752447	-1.14987	9.04708	-12.7528	
8.9991	-12.8991	-2.58322	0.699855	-1.12972	8.97697	-12.8161	
8.88024	-12.98	-2.58133	0.630812	-1.13736	8.84904	-12.9423	
8.76561	-13.0586	-2.57501	0.576593	-1.11838	8.64934	-12.9537	
8.62158	-13.1386	-2.60743	0.505683	-1.12423	8.5479	-13.1496	
8.42056	-13.1565	-2.67999	0.304449	-1.38469	8.43462	-13.263	
8.276	-13.187	-2.67478	0.222779	-1.39116	8.26001	-13.1483	
8.11755	-13.1921	-2.72291	0.104276	-1.48209	8.10139	-13.1447	
7.97689	-13.1944	-2.72408	0.0244243	-1.48791	7.95138	-13.1593	
7.86816	-13.2272	-2.62079	0.0193935	-1.3417	7.85182	-13.2702	
7.70476	-13.236	-2.65569	-0.0502428	-1.33147	7.64076	-13.2654	
7.53811	-13.2006	-2.72355	-0.170078	-1.42289	7.51359	-13.2891	
7.38562	-13.1656	-2.73119	-0.251663	-1.4252	7.35762	-13.1417	
7.2654	-13.157	-2.63208	-0.274833	-1.31796	7.19553	-13.2012	
7.10884	-13.126	-2.66334	-0.336171	-1.30105	7.05296	-13.1563	
6.97972	-13.0967	-2.6148	-0.376073	-1.24212	6.87644	-13.2105	
6.80101	-13.0706	-2.68444	-0.41275	-1.19731	6.672	-13.1364	
6.69194	-13.0824	-2.49238	-0.375904	-0.999961	6.53838	-13.1322	
6.53394	-13.0627	-2.53386	-0.397505	-0.957853	6.46904	-13.1587	
6.4021	-13.0126	-2.529	-0.439188	-0.93789	6.22921	-13.0167	
6.24227	-12.976	-2.57405	-0.461061	-0.900811	6.15723	-13.0319	
6.10319	-12.8604	-2.69921	-0.575195	-1.02244	5.95573	-12.8757	
5.944	-12.799	-2.74263	-0.60206	-0.986171	5.85711	-12.8423	
5.82442	-12.7442	-2.67118	-0.618141	-0.919141	5.73901	-12.8863	
5.65894	-12.6884	-2.72006	-0.626499	-0.867958	5.5559	-12.7556	
5.53191	-12.5855	-2.77573	-0.690205	-0.902679	5.41889	-12.699	
5.36206	-12.5122	-2.83112	-0.696798	-0.849988	5.23681	-12.5467	
5.24137	-12.4198	-2.82029	-0.732727	-0.833467	5.16911	-12.5003	
5.10279	-12.3285	-2.84256	-0.756281	-0.806533	5.04959	-12.3548	
5.00081	-12.2399	-2.82679	-0.787429	-0.792674	4.99996	-12.3538	
4.89341	-12.1416	-2.83613	-0.819765	-0.783617	4.86969	-12.1416	
4.80605	-12.066	-2.73616	-0.830937	-0.729044	4.83937	-12.0439	
4.73459	-11.9542	-2.72322	-0.883886	-0.749073	4.77326	-11.9345	
4.63727	-11.8021	-2.8755	-0.956269	-0.814907	4.5839	-11.6711	
4.55608	-11.6755	-2.88358	-1.00081	-0.818728	4.54148	-11.6336	
4.50455	-11.5863	-2.7238	-1.02903	-0.787225	4.53697	-11.5591	
4.47173	-11.4581	-2.70162	-1.09753	-0.823611	4.55238	-11.4548	
4.3727	-11.2802	-2.92405	-1.14521	-0.835956	4.47604	-11.2089	
4.36049	-11.1082	-2.91052	-1.23923	-0.894965	4.45629	-11.0538	
4.39012	-10.9867	-2.64817	-1.34412	-0.971146	4.39651	-10.8822	
4.3903	-10.8421	-2.63386	-1.42099	-1.00072	4.45899	-10.8664	
4.38188	-10.7023	-2.62199	-1.48281	-1.01015	4.493	-10.7885	
4.39401	-10.5544	-2.62044	-1.5566	-1.03229	4.44058	-10.5544	
4.39886	-10.4095	-2.62275	-1.61576	-1.03468	4.44399	-10.3941	
4.41979	-10.2613	-2.62815	-1.6823	-1.04571	4.44086	-10.2469	
4.44472	-10.1206	-2.62705	-1.74293	-1.04909	4.53204	-10.1814	
4.49626	-9.97085	-2.64201	-1.8206	-1.07166	4.54793	-9.94716	
4.53566	-9.82514	-2.65586	-1.87683	-1.06485	4.57622	-9.70975	
4.60204	-9.6771	-2.67736	-1.95049	-1.08074	4.64364	-9.63888	
4.65977	-9.54042	-2.68599	-2.0041	-1.06783	4.76627	-9.54952	
4.75341	-9.39869	-2.71551	-2.08349	-1.08902	4.82761	-9.37054	
4.78348	-9.25315	-2.73632	-2.06879	-0.959079	4.89701	-9.18082	
4.88186	-9.10615	-2.77688	-2.13507	-0.970627	4.94177	-9.04086	
4.99792	-8.99127	-2.77545	-2.23084	-1.04127	5.09012	-9.06486	
5.10614	-8.86722	-2.7941	-2.29389	-1.04593	5.1385	-8.8446	
5.16819	-8.73433	-2.78605	-2.28287	-0.922322	5.21345	-8.63875	
5.28841	-8.60571	-2.82354	-2.33864	-0.924229	5.33853	-8.54729	
5.36513	-8.47726	-2.81432	-2.33466	-0.823859	5.35874	-8.39385	
5.47198	-8.36728	-2.81305	-2.37821	-0.822204	5.46213	-8.36055	
5.51095	-8.2366	-2.77968	-2.30569	-0.601401	5.63723	-8.3352	
5.61499	-8.11952	-2.8086	-2.3341	-0.597337	5.63863	-8.05978	
5.72964	-8.0056	-2.82074	-2.37477	-0.615199	5.69655	-7.84304	
5.84471	-7.89062	-2.83375	-2.4054	-0.611057	5.84353	-7.85177	
5.97	-7.78881	-2.84458	-2.4514	-0.636986	5.9537	-7.7033	
6.10394	-7.68394	-2.86751	-2.48804	-0.637253	6.14453	-7.66253	
6.19521	-7.57897	-2.84892	-2.47211	-0.541168	6.27	-7.55894	
6.31577	-7.48099	-2.87053	-2.49693	-0.537359	6.3386	-7.44193	
6.42259	-7.36957	-2.85502	-2.48583	-0.456662	6.44365	-7.32743	
6.5489	-7.27165	-2.86027	-2.50935	-0.454658	6.54947	-7.257	
6.65306	-7.17937	-2.84745	-2.50654	-0.401119	6.71635	-7.22979	
6.76749	-7.08337	-2.85929	-2.51988	-0.39344	6.7522	-7.03215	
6.89031	-7.00733	-2.86605	-2.55586	-0.428579	6.81357	-6.96259	
6.99903	-6.93284	-2.84797	-2.57551	-0.427885	6.95051	-6.93564	
7.12136	-6.8432	-2.83802	-2.58629	-0.405879	7.00414	-6.76319	
7.25493	-6.76105	-2.84007	-2.60791	-0.405033	7.25571	-6.75585	
7.34581	-6.66294	-2.79914	-2.57067	-0.291408	7.28718	-6.59248	
7.45897	-6.58084	-2.79975	-2.57979	-0.285598	7.42947	-6.54884	
7.58129	-6.51193	-2.80284	-2.60205	-0.300926	7.58756	-6.53752	
7.69296	-6.44314	-2.78909	-2.61606	-0.300637	7.65263	-6.44325	
7.84774	-6.40458	-2.84101	-2.70085	-0.442667	7.78988	-6.37954	
7.97333	-6.3449	-2.83714	-2.7219	-0.441739	7.95705	-6.33998	
8.05497	-6.2406	-2.71238	-2.63854	-0.221486	8.1289	-6.31809	
8.18088	-6.1643	-2.7101	-2.64643	-0.216889	8.15184	-6.14215	
8.27146	-6.05497	-2.64895	-2.58289	-0.0712379	8.12981	-5.95044	
8.38743	-5.97372	-2.64315	-2.58232	-0.0665575	8.34844	-5.95288	
8.5409	-5.93089	-2.69075	-2.65843	-0.211774	8.45627	-5.87026	
8.66812	-5.85749	-2.69046	-2.66569	-0.206952	8.64546	-5.83668	
8.79581	-5.78503	-2.69113	-2.67348	-0.204352	8.68227	-5.68169	
8.93428	-5.70331	-2.71276	-2.67613	-0.194008	8.95179	-5.66017	
9.01841	-5.60571	-2.64749	-2.61249	-0.0528679	8.99196	-5.51961	
9.13891	-5.51694	-2.6746	-2.60222	-0.0375958	9.15234	-5.45358	
9.25483	-5.43005	-2.65939	-2.58196	0.00531127	9.25593	-5.41629	
9.3733	-5.34942	-2.6555	-2.57846	0.00871546	9.3462	-5.33648	
9.43386	-5.20815	-2.56097	-2.44943	0.254486	9.35852	-5.15981	
9.54536	-5.10509	-2.57727	-2.42853	0.262305	9.55586	-5.07162	
9.64689	-5.00225	-2.5786	-2.4026	0.280782	9.60543	-4.91132	
9.75267	-4.88867	-2.59874	-2.37703	0.291759	9.75218	-4.8384	
9.86383	-4.79489	-2.60582	-2.37102	0.276102	10.0131	-4.84834	
9.96489	-4.68606	-2.61406	-2.35064	0.281596	9.9571	-4.66087	
10.0592	-4.5932	-2.62111	-2.34502	0.26242	9.99977	-4.51909	
10.1525	-4.48291	-2.64174	-2.32375	0.270805	10.1558	-4.43582	
10.2301	-4.35583	-2.63077	-2.26911	0.342553	10.1567	-4.25503	
10.3252	-4.2243	-2.6575	-2.24073	0.35236	10.3312	-4.16698	
10.4365	-4.12458	-2.67407	-2.26726	0.261733	10.3715	-4.04505	
10.5355	-3.9929	-2.70236	-2.24585	0.268782	10.5551	-3.94162	
10.6421	-3.88392	-2.71611	-2.25678	0.218599	10.6459	-3.84961	
10.7379	-3.76189	-2.72578	-2.24274	0.22067	10.746	-3.7455	
10.8387	-3.64602	-2.73386	-2.23915	0.20589	10.9384	-3.6422	
10.9348	-3.50695	-2.76353	-2.21953	0.214673	10.9457	-3.45027	
10.9781	-3.35403	-2.72863	-2.11835	0.390198	11.1095	-3.32648	
11.0536	-3.20811	-2.74997	-2.08841	0.399181	11.0435	-3.16012	
11.0996	-3.05555	-2.74728	-2.02183	0.480868	10.9851	-2.95299	
11.1625	-2.9029	-2.76843	-1.9881	0.488295	11.1542	-2.85724	
11.1505	-2.71908	-2.76334	-1.83968	0.720769	11.0233	-2.67356	
11.1784	-2.56898	-2.76115	-1.79396	0.727219	11.1324	-2.55807	
11.1837	-2.40285	-2.77749	-1.70444	0.825385	11.2541	-2.42353	
11.1929	-2.25534	-2.76708	-1.65581	0.829382	11.1569	-2.2658	
11.3044	-2.1577	-2.68985	-1.79008	0.475554	11.2203	-2.08998	
11.3377	-1.9963	-2.71723	-1.76233	0.475295	11.3482	-1.94557	
11.277	-1.83155	-2.70822	-1.59507	0.755269	11.3928	-1.80815	
11.2712	-1.67287	-2.72144	-1.54808	0.760214	11.2389	-1.64141	
11.2757	-1.5256	-2.71741	-1.52114	0.732337	11.3341	-1.51762	
11.265	-1.36958	-2.72849	-1.48007	0.732408	11.2625	-1.34833	
11.2073	-1.21058	-2.76187	-1.37067	0.871088	11.3121	-1.19064	
11.1706	-1.06104	-2.76437	-1.32082	0.872973	11.1556	-1.0549	
11.0486	-0.899954	-2.84901	-1.15097	1.11146	10.9982	-0.893223	
10.9747	-0.753142	-2.85912	-1.08661	1.11403	10.9445	-0.73319	
10.9168	-0.619942	-2.82178	-1.05679	1.04946	10.8362	-0.586	
10.838	-0.475779	-2.83968	-1.00215	1.0443	10.8388	-0.441032	
10.6639	-0.355306	-2.99415	-0.81481	1.3104	10.6309	-0.359954	
10.5571	-0.249208	-2.99536	-0.748902	1.31056	10.5529	-0.247121	
10.4709	-0.150728	-2.88684	-0.725009	1.21158	10.4322	-0.19515	
10.3475	-0.0738009	-2.85427	-0.646729	1.22897	10.3505	-0.143257	
10.2054	0.00788594	-2.88169	-0.558083	1.26886	10.2068	-0.109014	
10.0638	0.0510839	-2.84134	-0.466131	1.29993	10.0541	-0.0441275	
9.9207	0.107366	-2.83112	-0.38871	1.30747	9.89001	0.00816785	
9.7704	0.131154	-2.80426	-0.295011	1.3368	9.75876	0.0560308	
9.66399	0.14686	-2.61343	-0.237578	1.29279	9.63528	0.0929341	
9.53054	0.168947	-2.60023	-0.163816	1.2978	9.56967	0.149506	
9.39403	0.185789	-2.60064	-0.0923307	1.30011	9.56225	0.148577	
9.25156	0.181116	-2.5937	-0.0101257	1.31414	9.25348	0.150166	
9.10715	0.18172	-2.60374	0.0590097	1.31006	9.0821	0.207802	
8.96158	0.190227	-2.61553	0.112343	1.28535	8.93575	0.243169	
8.81505	0.189228	-2.65718	0.163011	1.2592	8.94634	0.26481	
8.66884	0.188639	-2.66365	0.207041	1.22686	8.64483	0.254352	
8.51773	0.172163	-2.69527	0.255259	1.19993	8.46866	0.251128	
8.37364	0.166427	-2.69245	0.288002	1.1584	8.35775	0.250149	
8.22509	0.140606	-2.72713	0.327063	1.123	8.28111	0.196974	
8.07702	0.108268	-2.73139	0.369821	1.09899	8.03004	0.154113	
7.86695	0.149055	-2.97992	0.285536	0.877425	7.74678	0.154598	
7.71212	0.115613	-2.99177	0.317331	0.861539	7.63715	0.143302	
7.6163	0.0460729	-2.84503	0.405354	0.942074	7.61982	0.157052	
7.47968	0.0375976	-2.82529	0.40773	0.887206	7.43926	0.160393	
7.32551	0.00454556	-2.85158	0.418427	0.830206	7.34481	0.102019	
7.18133	-0.030822	-2.834	0.437229	0.797657	7.16771	0.0463372	
7.07146	-0.117677	-2.75183	0.520779	0.869957	7.05721	-0.05037	
6.94364	-0.181568	-2.7397	0.557265	0.856486	6.95035	-0.144849	
6.84283	-0.284761	-2.68761	0.645203	0.92912	6.87212	-0.243254	
6.73309	-0.369157	-2.6747	0.692418	0.924998	6.76317	-0.34818	
6.6296	-0.464385	-2.66445	0.745534	0.929285	6.75759	-0.453523	
6.53129	-0.563387	-2.65457	0.796852	0.930054	6.56412	-0.553924	
6.44891	-0.693142	-2.65245	0.879595	0.978996	6.60439	-0.765755	
6.36035	-0.838803	-2.68888	0.953809	1.0006	6.36344	-0.942514	
6.3696	-1.06855	-2.70158	1.20908	1.36028	6.35624	-1.10001	
6.33221	-1.20757	-2.71177	1.28608	1.36937	6.36321	-1.25111	
6.3137	-1.38219	-2.74859	1.4092	1.45305	6.30992	-1.40686	
6.30532	-1.53622	-2.74825	1.49634	1.46096	6.35537	-1.55723	
6.30827	-1.68793	-2.74343	1.5802	1.46263	6.50996	-1.74616	
6.32247	-1.83756	-2.73873	1.66491	1.46801	6.35448	-1.83673	
6.31358	-1.96127	-2.66345	1.68769	1.35587	6.38849	-2.02257	
6.33788	-2.11077	-2.67161	1.76354	1.35584	6.35078	-2.13767	
6.33174	-2.22391	-2.59874	1.77393	1.24481	6.28921	-2.27735	
6.35415	-2.36639	-2.62669	1.82896	1.23165	6.33355	-2.43768	
6.40074	-2.52088	-2.67825	1.91043	1.26264	6.30986	-2.56694	
6.45111	-2.67529	-2.70717	1.97349	1.25068	6.45623	-2.7536	
6.49974	-2.81628	-2.70402	2.02602	1.22353	6.40481	-2.87127	
6.56165	-2.9627	-2.72618	2.08294	1.208	6.54629	-3.01951	
6.60072	-3.0883	-2.62164	2.09582	1.1025	6.70928	-3.32749	
6.63833	-3.26804	-2.69226	2.10616	1.03345	6.54763	-3.45513	
6.69061	-3.41263	-2.69354	2.1313	0.986304	6.52015	-3.55608	
6.73516	-3.58672	-2.74721	2.13622	0.92121	6.64571	-3.73674	
6.79596	-3.7232	-2.72467	2.15894	0.876392	6.71319	-3.83967	
6.86978	-3.86811	-2.7482	2.18786	0.850853	6.85201	-3.93663	
6.96741	-4.01368	-2.80473	2.23124	0.850031	7.13409	-4.28567	
7.02802	-4.18657	-2.84955	2.2256	0.782732	6.9548	-4.32855	
7.0706	-4.30483	-2.69482	2.2128	0.682819	7.00947	-4.44692	
7.12936	-4.46065	-2.72015	2.20844	0.629925	7.05586	-4.55105	
7.2075	-4.59554	-2.72644	2.22469	0.605237	7.15974	-4.75194	
7.25533	-4.7532	-2.7423	2.20654	0.541738	7.13261	-4.82718	
7.36677	-4.8995	-2.86581	2.24924	0.57686	7.2829	-5.01975	
7.42989	-5.06158	-2.88628	2.2339	0.518374	7.34301	-5.14642	
7.48938	-5.18126	-2.83469	2.2297	0.472378	7.32687	-5.26205	
7.53936	-5.34023	-2.86162	2.20198	0.408247	7.46174	-5.44979	
7.60881	-5.46789	-2.81408	2.20184	0.372577	7.47116	-5.48352	
7.68637	-5.61096	-2.8255	2.20212	0.347417	7.65989	-5.6552	
7.75491	-5.73659	-2.75746	2.19601	0.304337	7.78563	-5.85993	
7.81464	-5.89142	-2.77354	2.17534	0.25822	7.75276	-5.95823	
7.88763	-6.01572	-2.74559	2.17725	0.239	7.79663	-6.00945	
7.96696	-6.14481	-2.74774	2.1825	0.229364	7.95034	-6.15505	
8.08795	-6.27702	-2.91118	2.22877	0.296097	8.04642	-6.30578	
8.16599	-6.4075	-2.92162	2.22724	0.275976	8.14855	-6.44643	
8.22082	-6.51644	-2.75282	2.20738	0.211664	8.26534	-6.60186	
8.29603	-6.64563	-2.7516	2.20468	0.194164	8.25279	-6.64996	
8.3716	-6.76653	-2.73004	2.20456	0.178938	8.2109	-6.73286	
8.42965	-6.91182	-2.73588	2.18034	0.137459	8.35448	-6.94719	
8.54579	-7.05527	-2.85324	2.20735	0.175497	8.61718	-7.22425	
8.6102	-7.20641	-2.8619	2.18391	0.13533	8.54666	-7.24803	
8.69503	-7.33474	-2.84697	2.18556	0.125949	8.69659	-7.3744	
8.77833	-7.4579	-2.83802	2.19006	0.123075	8.74711	-7.43338	
8.86059	-7.57594	-2.86499	2.19789	0.129598	8.68846	-7.50096	
8.9156	-7.7161	-2.87241	2.17215	0.0905083	8.84984	-7.75349	
8.96413	-7.83544	-2.76045	2.14474	0.0367227	8.77486	-7.80083	
9.01055	-7.99962	-2.7785	2.10359	-0.0155213	8.94604	-8.07116	
9.04249	-8.12265	-2.65812	2.06096	-0.0862341	8.92041	-8.11276	
9.08884	-8.25584	-2.64967	2.03915	-0.106803	9.01893	-8.23506	
9.14812	-8.38608	-2.64752	2.02914	-0.111667	9.04724	-8.3711	
9.19759	-8.52481	-2.64977	2.00907	-0.128236	9.1628	-8.53304	
9.29042	-8.66332	-2.75957	2.04159	-0.0559362	9.09379	-8.55764	
9.35127	-8.81268	-2.77368	2.02665	-0.0698414	9.3508	-8.85468	
9.41481	-8.9495	-2.76853	2.01964	-0.0748379	9.40597	-8.96981	
9.46576	-9.10708	-2.78769	1.99595	-0.0979	9.45338	-9.162	
9.52531	-9.2412	-2.80665	1.99179	-0.0943401	9.51544	-9.36256	
9.57119	-9.38979	-2.82774	1.97036	-0.114006	9.56994	-9.45148	
9.58448	-9.52293	-2.70263	1.91074	-0.208235	9.62712	-9.59131	
9.63559	-9.66291	-2.70437	1.90128	-0.205867	9.64603	-9.66938	
9.65483	-9.79737	-2.63928	1.85779	-0.261779	9.63311	-9.79216	
9.68001	-9.94551	-2.64633	1.82913	-0.278434	9.64842	-9.95866	
9.7425	-10.0768	-2.71901	1.857	-0.203275	9.61381	-9.98703	
9.76888	-10.2188	-2.7313	1.83448	-0.21745	9.7516	-10.2483	
9.81644	-10.3662	-2.75832	1.83588	-0.192904	9.7698	-10.3568	
9.85484	-10.5172	-2.76533	1.82356	-0.194803	9.8633	-10.5382	
9.8615	-10.6569	-2.69659	1.77482	-0.261749	9.8617	-10.6917	
9.87352	-10.8173	-2.7144	1.74309	-0.281654	9.84674	-10.8547	
9.86978	-10.9568	-2.6662	1.69516	-0.336472	9.75887	-10.887	
9.87655	-11.1132	-2.68044	1.66623	-0.348199	9.86442	-11.1448	
9.88714	-11.2613	-2.68171	1.6446	-0.351885	9.87245	-11.316	
9.88036	-11.4198	-2.69764	1.61036	-0.368563	9.85036	-11.4464	
9.88625	-11.5717	-2.70259	1.59016	-0.368965	9.93142	-11.6783	
9.87078	-11.7271	-2.71308	1.55581	-0.384642	9.83174	-11.7336	
9.85002	-11.8587	-2.69109	1.51348	-0.424682	9.80843	-11.8702	
9.81279	-12.0106	-2.71993	1.46836	-0.450855	9.75331	-12.0506	
9.67216	-12.1322	-2.57754	1.26586	-0.765938	9.64519	-12.1714	
9.60946	-12.2641	-2.57915	1.21058	-0.780722	9.55524	-12.2329	
9.55689	-12.3966	-2.58343	1.17069	-0.77353	9.47014	-12.4324	
9.45557	-12.5409	-2.62272	1.09639	-0.80597	9.34172	-12.5587	
9.32844	-12.6415	-2.60895	0.958465	-0.976292	9.21558	-12.6577	
9.22914	-12.751	-2.62858	0.894806	-0.990659	9.16462	-12.7506	
9.1218	-12.8563	-2.63095	0.819172	-1.02739	9.08802	-12.8351	
9.00611	-12.9583	-2.64119	0.753284	-1.03636	8.95936	-12.9426	
8.81118	-13.0216	-2.68312	0.550172	-1.302	8.8569	-13.1416	
8.67803	-13.0858	-2.67828	0.472717	-1.30891	8.65422	-13.0444	
8.5774	-13.1506	-2.65103	0.44374	-1.23985	8.49168	-13.0983	
8.43025	-13.2135	-2.6911	0.373987	-1.2421	8.3436	-13.2381	
8.23986	-13.2094	-2.76845	0.191725	-1.46358	8.19421	-13.0768	
8.11731	-13.2141	-2.73484	0.114414	-1.47297	8.15674	-13.1486	
8.00358	-13.2491	-2.65207	0.096727	-1.35171	7.9999	-13.1879	
7.8575	-13.2571	-2.65292	0.0217967	-1.35227	7.85314	-13.2533	
7.68997	-13.2306	-2.7036	-0.0948591	-1.4293	7.57824	-13.1345	
7.52237	-13.2208	-2.73875	-0.169009	-1.41872	7.45422	-13.2433	
7.39488	-13.218	-2.66567	-0.200292	-1.32844	7.33241	-13.2718	
7.22359	-13.2006	-2.71469	-0.260818	-1.3072	7.13166	-13.2372	
7.09252	-13.182	-2.64999	-0.293232	-1.22867	6.97467	-13.1643	
6.92462	-13.1631	-2.69834	-0.336742	-1.19527	6.84852	-13.2404	
6.78447	-13.1184	-2.69865	-0.394574	-1.18401	6.7113	-13.2598	
6.62105	-13.0843	-2.73939	-0.433869	-1.15029	6.55626	-13.1584	
6.48131	-13.013	-2.74777	-0.498661	-1.15072	6.32545	-12.9303	
6.31868	-12.9671	-2.78785	-0.531017	-1.11168	6.25112	-13.0473	
6.19325	-12.9167	-2.71847	-0.55509	-1.04305	6.09711	-13.0021	
6.03015	-12.8697	-2.75938	-0.574293	-0.995997	5.95513	-12.9613	
5.91693	-12.826	-2.70698	-0.589868	-0.939432	5.89343	-13.1185	
5.76261	-12.7763	-2.75274	-0.600377	-0.893909	5.6635	-12.8347	
5.63831	-12.6983	-2.7466	-0.640854	-0.882429	5.61778	-12.8527	
5.5002	-12.6142	-2.76753	-0.674937	-0.864388	5.45219	-12.6228	
5.38142	-12.5136	-2.77134	-0.723015	-0.863917	5.30917	-12.4284	
5.26186	-12.419	-2.77585	-0.761398	-0.85314	5.25069	-12.4448	
5.14935	-12.3066	-2.8127	-0.814961	-0.870142	5.13338	-12.4375	
5.01211	-12.2159	-2.83525	-0.830126	-0.830753	4.9499	-12.2734	
4.91711	-12.1327	-2.72588	-0.846025	-0.774645	4.92993	-12.1787	
4.82501	-12.0209	-2.71926	-0.890342	-0.777083	4.84027	-12.0359	
4.725	-11.8707	-2.85162	-0.960931	-0.832421	4.79909	-11.9738	
4.63703	-11.7442	-2.84996	-1.00405	-0.829396	4.63814	-11.758	
4.57443	-11.6349	-2.71076	-1.04008	-0.803361	4.50688	-11.4491	
4.51124	-11.5096	-2.69854	-1.08841	-0.809236	4.5399	-11.541	
4.41774	-11.3365	-2.88921	-1.13804	-0.82441	4.46798	-11.2692	
4.38915	-11.1774	-2.87768	-1.21474	-0.863042	4.45518	-11.1556	
4.38911	-11.0651	-2.6773	-1.29	-0.901374	4.47788	-11.2387	
4.35472	-10.928	-2.67044	-1.33991	-0.902315	4.36691	-10.9529	
4.3639	-10.7955	-2.55891	-1.42606	-0.955982	4.34978	-10.6819	
4.37156	-10.6518	-2.55451	-1.49972	-0.98191	4.42489	-10.6572	
4.33894	-10.5151	-2.63003	-1.51643	-0.929155	4.45256	-10.5332	
4.36974	-10.3724	-2.63787	-1.595	-0.96738	4.44692	-10.3512	
4.38721	-10.2315	-2.64143	-1.65775	-0.986658	4.41237	-9.99477	
4.44812	-10.0838	-2.66359	-1.7494	-1.03593	4.5556	-10.0446	
4.46872	-9.94593	-2.68835	-1.78885	-1.01203	4.57379	-9.85032	
4.54603	-9.79845	-2.72135	-1.87871	-1.05588	4.65841	-9.75093	
4.66786	-9.66288	-2.68326	-2.03982	-1.22303	4.60255	-9.4741	
4.74002	-9.53504	-2.68302	-2.10799	-1.22428	4.74425	-9.53907	
4.75355	-9.39741	-2.69065	-2.07886	-1.0649	4.78405	-9.35872	
4.84085	-9.26664	-2.70383	-2.14537	-1.07233	4.87523	-9.25457	
4.89019	-9.12751	-2.71677	-2.14863	-0.976243	4.92663	-9.02336	
4.99279	-8.99589	-2.7439	-2.21219	-0.984472	5.04624	-8.96378	
5.04816	-8.85382	-2.7547	-2.20184	-0.869111	5.1055	-8.72095	
5.17089	-8.71418	-2.8097	-2.26278	-0.878442	5.26299	-8.64398	
5.29179	-8.60257	-2.82084	-2.3374	-0.924794	5.34134	-8.5519	
5.41027	-8.48298	-2.84377	-2.389	-0.923773	5.43218	-8.43885	
5.47039	-8.35253	-2.80893	-2.34969	-0.754409	5.5122	-8.36624	
5.5729	-8.24441	-2.80042	-2.38686	-0.750625	5.54143	-8.23537	
5.72159	-8.16505	-2.81516	-2.48796	-0.865198	5.72065	-8.20245	
5.84902	-8.06557	-2.82789	-2.53296	-0.861485	5.85207	-8.0316	
5.89521	-7.93252	-2.73964	-2.4399	-0.584765	5.99121	-7.96746	
6.02233	-7.81854	-2.77306	-2.46747	-0.57709	6.04955	-7.75139	
6.12832	-7.71139	-2.76444	-2.46573	-0.508379	6.20599	-7.74241	
6.24986	-7.6067	-2.77856	-2.4888	-0.502268	6.2473	-7.56333	
6.35065	-7.49477	-2.76312	-2.47011	-0.409313	6.39144	-7.48582	
6.46689	-7.39417	-2.76606	-2.48756	-0.403842	6.44526	-7.36223	
6.59755	-7.3072	-2.77612	-2.52155	-0.426084	6.66209	-7.31025	
6.73065	-7.20225	-2.80431	-2.53855	-0.417842	6.74856	-7.14204	
6.83105	-7.09174	-2.77749	-2.50764	-0.311192	6.83447	-7.05268	
6.96049	-6.99262	-2.79497	-2.52144	-0.306812	6.97717	-6.96144	
7.09194	-6.92192	-2.81625	-2.56479	-0.363133	7.13677	-6.88363	
7.22268	-6.8228	-2.85469	-2.57416	-0.351993	7.2552	-6.74652	
7.27727	-6.68904	-2.7767	-2.46419	-0.0989128	7.234	-6.59525	
7.37841	-6.59038	-2.77928	-2.46056	-0.0899557	7.33491	-6.53948	
7.57162	-6.57599	-2.82869	-2.6272	-0.407968	7.67988	-6.69347	
7.69358	-6.51606	-2.79624	-2.65372	-0.413655	7.64389	-6.55777	
7.78975	-6.42529	-2.7161	-2.60576	-0.264663	7.94309	-6.60222	
7.9054	-6.35039	-2.69858	-2.61697	-0.262032	7.84566	-6.34021	
8.05277	-6.29547	-2.7311	-2.67592	-0.354139	7.9171	-6.24084	
8.1796	-6.23128	-2.71924	-2.69458	-0.353917	8.14601	-6.23101	
8.24383	-6.11487	-2.5798	-2.58247	-0.0875849	8.37368	-6.18614	
8.36533	-6.02038	-2.59877	-2.57538	-0.0734809	8.35502	-5.95811	
8.52378	-5.98084	-2.65814	-2.66532	-0.246494	8.43843	-5.87193	
8.65347	-5.90305	-2.66778	-2.67142	-0.237912	8.64201	-5.86567	
8.74897	-5.80403	-2.60398	-2.61373	-0.100263	8.76652	-5.75601	
8.87178	-5.71261	-2.61994	-2.60629	-0.0853471	8.85198	-5.65134	
9.00563	-5.64217	-2.64711	-2.63169	-0.13202	8.91028	-5.47662	
9.13686	-5.543	-2.67774	-2.6213	-0.111582	9.13482	-5.45989	
9.24092	-5.44019	-2.63906	-2.56924	0.00013317	9.32693	-5.39468	
9.36033	-5.33633	-2.65861	-2.55207	0.0194893	9.33045	-5.26019	
9.49242	-5.25916	-2.68273	-2.57163	-0.0249048	9.4498	-5.12838	
9.62452	-5.14315	-2.72642	-2.55159	-0.000651717	9.63754	-5.04328	
9.68232	-5.00629	-2.64395	-2.42373	0.246758	9.83281	-5.00671	
9.77767	-4.90128	-2.65653	-2.39936	0.259843	9.74856	-4.84745	
9.88452	-4.79863	-2.65757	-2.37894	0.272667	9.96003	-4.81123	
9.98052	-4.69001	-2.65459	-2.3569	0.280195	9.93394	-4.66432	
10.0866	-4.58796	-2.65896	-2.34621	0.271788	10.1357	-4.58625	
10.1813	-4.47363	-2.66185	-2.32349	0.280064	10.1444	-4.44253	
10.3282	-4.40496	-2.7038	-2.40407	0.0950688	10.3185	-4.35401	
10.4411	-4.28977	-2.72439	-2.39182	0.102349	10.4496	-4.24828	
10.4704	-4.13258	-2.62719	-2.23897	0.388021	10.5826	-4.11494	
10.559	-4.00081	-2.64831	-2.20832	0.397918	10.5542	-3.95161	
10.646	-3.87957	-2.65522	-2.1868	0.395441	10.6618	-3.80699	
10.7361	-3.73152	-2.69716	-2.15394	0.406647	10.7602	-3.65417	
10.8496	-3.62831	-2.71479	-2.19353	0.286354	10.8593	-3.57039	
10.9364	-3.49643	-2.72864	-2.17346	0.290662	10.9375	-3.46792	
10.9768	-3.34409	-2.70333	-2.07827	0.443633	11.0183	-3.30073	
11.0516	-3.19547	-2.73092	-2.04795	0.449458	11.0672	-3.14607	
11.1017	-3.04851	-2.73036	-1.99155	0.509889	11.1054	-3.01303	
11.1586	-2.8947	-2.75062	-1.9558	0.517493	11.1428	-2.8481	
11.2082	-2.74921	-2.75356	-1.91949	0.530941	11.1758	-2.69942	
11.2569	-2.58969	-2.77712	-1.88402	0.536751	11.2495	-2.5409	
11.2052	-2.39479	-2.78332	-1.67851	0.886996	11.4549	-2.46508	
11.2098	-2.24227	-2.77868	-1.62502	0.892033	11.1705	-2.24061	
11.33	-2.15956	-2.66287	-1.7842	0.482584	11.2202	-2.08176	
11.3585	-2.00532	-2.67984	-1.75517	0.484088	11.3536	-1.97104	
11.3479	-1.85009	-2.68057	-1.67752	0.579891	11.224	-1.77367	
11.3626	-1.68824	-2.7044	-1.6439	0.580433	11.3661	-1.64386	
11.3604	-1.53595	-2.70933	-1.59904	0.602902	11.2691	-1.47976	
11.3585	-1.37715	-2.72478	-1.56245	0.605851	11.3391	-1.34511	
11.238	-1.21891	-2.77271	-1.34657	0.971606	11.2507	-1.19626	
11.1957	-1.07497	-2.78703	-1.29232	0.976617	11.1532	-1.04324	
11.1305	-0.934417	-2.81314	-1.21282	1.03259	10.9697	-0.89157	
11.0765	-0.789706	-2.83636	-1.16102	1.03079	11.0654	-0.742685	
10.9721	-0.642553	-2.88783	-1.04943	1.13687	10.8913	-0.655608	
10.8806	-0.518136	-2.87274	-0.979754	1.14605	10.8418	-0.549005	
10.7923	-0.393288	-2.86386	-0.919814	1.14073	10.827	-0.442912	
10.6872	-0.292067	-2.83473	-0.847106	1.15513	10.6642	-0.353413	
10.5171	-0.187977	-2.99249	-0.687454	1.35749	10.5503	-0.248633	
10.3894	-0.116718	-2.96997	-0.606118	1.37537	10.3487	-0.171899	
10.2878	-0.046837	-2.88626	-0.561423	1.3237	10.2559	-0.115293	
10.1581	0.00682306	-2.86637	-0.482222	1.34154	10.137	-0.0462889	
10.0608	0.0591089	-2.7512	-0.442848	1.2825	10.0717	0.0165033	
9.93304	0.0985039	-2.73614	-0.367866	1.29751	9.92833	0.0556031	
9.78959	0.139028	-2.79073	-0.28581	1.3313	9.8478	0.0279858	
9.65193	0.136773	-2.7603	-0.191165	1.36946	9.65029	0.0372757	
9.50616	0.159935	-2.80689	-0.117624	1.38093	9.54682	0.0997641	
9.36176	0.161954	-2.80643	-0.0391925	1.39244	9.33515	0.138463	
9.25635	0.126541	-2.60061	0.0551677	1.41222	9.46113	0.134275	
9.11857	0.127423	-2.60099	0.119847	1.39607	9.13787	0.161547	
8.97173	0.139233	-2.69929	0.158898	1.35371	9.02723	0.196492	
8.83812	0.152205	-2.70597	0.19224	1.30973	8.82128	0.250523	
8.68867	0.152961	-2.78058	0.224741	1.26286	8.67607	0.247512	
8.55449	0.154552	-2.77693	0.254768	1.22141	8.54916	0.247046	
8.41247	0.125174	-2.76294	0.310465	1.20841	8.44086	0.253341	
8.26437	0.128295	-2.75409	0.328096	1.14776	8.2302	0.258614	
8.11508	0.115009	-2.81687	0.342693	1.08392	8.1066	0.204722	
7.97895	0.0826039	-2.81563	0.380093	1.06293	7.94777	0.127954	
7.82491	0.0669267	-2.8828	0.380973	0.982347	7.82213	0.149733	
7.68412	0.0503591	-2.87114	0.394361	0.938524	7.63383	0.15164	
7.53952	0.00129317	-2.86112	0.433467	0.923933	7.49691	0.101076	
7.39121	-0.029681	-2.84507	0.450713	0.883004	7.35046	0.0656199	
7.28269	-0.102476	-2.78218	0.520215	0.933143	7.13188	-0.00451978	
7.16149	-0.141882	-2.76058	0.540276	0.901315	7.14965	-0.0559868	
6.98989	-0.178101	-2.83647	0.517396	0.779987	6.77233	-0.150907	
6.85674	-0.250047	-2.82926	0.554178	0.772763	6.85872	-0.227918	
6.80611	-0.395435	-2.69127	0.718562	0.996089	6.70421	-0.347264	
6.71342	-0.475105	-2.67389	0.762011	0.98912	6.74687	-0.441006	
6.61273	-0.55273	-2.67749	0.785832	0.944163	6.72084	-0.550555	
6.52499	-0.643711	-2.66667	0.83071	0.941953	6.54837	-0.624094	
6.47844	-0.797569	-2.64309	0.975225	1.11555	6.40088	-0.78131	
6.414	-0.919716	-2.65061	1.04048	1.12604	6.44859	-0.960126	
6.37063	-1.06594	-2.66389	1.14788	1.21555	6.37766	-1.0844	
6.32537	-1.1993	-2.67385	1.21675	1.22372	6.35596	-1.24356	
6.32968	-1.37705	-2.71577	1.3732	1.39067	6.5527	-1.43518	
6.31498	-1.51776	-2.72135	1.4494	1.39729	6.35503	-1.55184	
6.29365	-1.65178	-2.6942	1.50245	1.35369	6.33086	-1.6454	
6.29872	-1.79009	-2.67361	1.58117	1.36144	6.34356	-1.7483	
6.31985	-1.93895	-2.70933	1.67825	1.41492	6.34522	-1.96081	
6.33843	-2.08115	-2.72347	1.74908	1.41258	6.34095	-2.12276	
6.32636	-2.18641	-2.62488	1.74993	1.27778	6.3068	-2.23646	
6.3517	-2.3211	-2.63626	1.81192	1.27365	6.34785	-2.35274	
6.35531	-2.43634	-2.57633	1.82944	1.18591	6.26272	-2.46894	
6.38389	-2.5752	-2.60235	1.88031	1.17212	6.36265	-2.64414	
6.43572	-2.71491	-2.65987	1.95529	1.20792	6.38105	-2.77438	
6.47968	-2.85807	-2.69364	2.00305	1.18824	6.461	-2.95066	
6.55118	-3.00857	-2.79123	2.07931	1.22872	6.50958	-3.15806	
6.59947	-3.17546	-2.85746	2.10734	1.17993	6.55345	-3.36165	
6.63781	-3.3001	-2.73248	2.11449	1.06916	6.64067	-3.46888	
6.69578	-3.45677	-2.7673	2.14399	1.02987	6.63536	-3.55462	
6.76588	-3.58601	-2.79039	2.18471	1.01697	6.70376	-3.69784	
6.82127	-3.7348	-2.82654	2.1993	0.969219	6.75151	-3.84595	
6.87513	-3.86111	-2.75026	2.21172	0.901426	6.65288	-3.91672	
6.93459	-4.02629	-2.78929	2.21528	0.841771	6.85764	-4.15466	
6.97315	-4.14022	-2.62275	2.20445	0.737118	6.9447	-4.2991	
7.03131	-4.28231	-2.63757	2.21109	0.694857	6.94846	-4.34203	
7.10424	-4.40142	-2.65046	2.23272	0.677764	7.09552	-4.55441	
7.14654	-4.54732	-2.67322	2.21663	0.615519	7.03506	-4.6461	
7.25571	-4.68608	-2.82202	2.26327	0.657017	7.25009	-4.88515	
7.32016	-4.83125	-2.84688	2.25694	0.607611	7.26242	-4.9318	
7.36594	-4.93629	-2.71039	2.24365	0.531308	7.33292	-5.08676	
7.42254	-5.07502	-2.72756	2.23196	0.483432	7.3521	-5.15533	
7.4896	-5.18923	-2.70285	2.23666	0.454524	7.40318	-5.28627	
7.53517	-5.33937	-2.72424	2.20815	0.390752	7.44098	-5.44336	
7.61262	-5.45866	-2.75031	2.2216	0.387162	7.46878	-5.50726	
7.68389	-5.58826	-2.76483	2.22029	0.3614	7.66561	-5.647	
7.75041	-5.70317	-2.73055	2.21875	0.331205	7.70927	-5.8194	
7.80516	-5.8528	-2.75643	2.19271	0.278537	7.75724	-5.96146	
7.88324	-5.96928	-2.77926	2.20515	0.280977	7.71187	-5.94164	
7.95711	-6.09722	-2.79199	2.20368	0.261862	7.95005	-6.14609	
8.00809	-6.20252	-2.68474	2.18698	0.209516	8.03808	-6.28852	
8.07266	-6.32579	-2.69169	2.1806	0.188973	8.04346	-6.35767	
8.18301	-6.45315	-2.82903	2.21767	0.24244	8.1071	-6.48544	
8.25798	-6.58875	-2.84831	2.20959	0.217781	8.25742	-6.66007	
8.30712	-6.6977	-2.67727	2.18378	0.149421	8.38768	-6.7963	
8.3732	-6.83557	-2.68458	2.16959	0.122358	8.33159	-6.8699	
8.46286	-6.95921	-2.73619	2.18184	0.135095	8.58336	-7.15056	
8.51484	-7.09779	-2.74859	2.15619	0.0961306	8.45779	-7.15285	
8.59099	-7.21343	-2.77693	2.16476	0.106465	8.37938	-7.10665	
8.662	-7.33396	-2.77946	2.16245	0.0972932	8.647	-7.3454	
8.74709	-7.45862	-2.81848	2.17072	0.105998	8.76035	-7.57239	
8.8035	-7.60069	-2.83344	2.14659	0.0705567	8.76121	-7.66039	
8.84117	-7.70907	-2.70959	2.11422	0.00810325	8.81118	-7.75569	
8.89394	-7.83335	-2.70873	2.09865	-0.0111	8.84363	-7.83628	
9.01796	-7.97226	-2.89177	2.14866	0.0800332	9.07758	-8.1058	
9.08021	-8.11228	-2.90431	2.13149	0.054621	9.05238	-8.15838	
9.11913	-8.2227	-2.78417	2.10048	-0.00427678	9.05557	-8.22632	
9.18001	-8.3477	-2.78473	2.09147	-0.0148349	9.15492	-8.35136	
9.24532	-8.48	-2.75027	2.07833	-0.0364667	9.30408	-8.57245	
9.29916	-8.62569	-2.75546	2.05642	-0.0602541	9.2543	-8.64461	
9.35	-8.75472	-2.7187	2.03786	-0.0837632	9.15971	-8.67035	
9.39385	-8.90926	-2.73202	2.00746	-0.114314	9.35164	-8.95148	
9.47865	-9.04632	-2.8218	2.02849	-0.0650153	9.47941	-9.179	
9.50935	-9.19763	-2.83653	1.9922	-0.104016	9.44272	-9.24111	
9.52572	-9.33074	-2.71156	1.93548	-0.193218	9.53008	-9.38561	
9.58008	-9.46235	-2.70328	1.92966	-0.187646	9.5752	-9.43724	
9.62685	-9.60098	-2.69601	1.91487	-0.194789	9.60163	-9.60777	
9.66191	-9.74794	-2.70032	1.89111	-0.210103	9.62903	-9.75552	
9.72116	-9.89279	-2.73808	1.89603	-0.180287	9.69155	-9.89958	
9.76093	-10.0399	-2.74144	1.8791	-0.188448	9.74482	-10.046	
9.77057	-10.1732	-2.66077	1.82981	-0.255869	9.69256	-10.1336	
9.78888	-10.3269	-2.67217	1.79816	-0.276291	9.75264	-10.3488	
9.86454	-10.4688	-2.77901	1.84388	-0.169941	9.82419	-10.5024	
9.87866	-10.619	-2.7959	1.8132	-0.195527	9.83234	-10.6514	
9.90162	-10.7529	-2.78205	1.79319	-0.211967	9.825	-10.7525	
9.90376	-10.9106	-2.80683	1.75508	-0.243803	9.85033	-10.9603	
9.86374	-11.0376	-2.68009	1.65594	-0.398858	9.91881	-11.1448	
9.87178	-11.1676	-2.67527	1.63552	-0.399457	9.86057	-11.1502	
9.87098	-11.3114	-2.66305	1.60331	-0.416957	9.83851	-11.2795	
9.86494	-11.4579	-2.66396	1.5734	-0.425032	9.83839	-11.4483	
9.85483	-11.5897	-2.6553	1.54141	-0.44255	9.79654	-11.5922	
9.82272	-11.7341	-2.67377	1.49672	-0.467644	9.75592	-11.7487	
9.82638	-11.885	-2.69911	1.49606	-0.422456	9.77699	-11.9246	
9.79752	-12.0394	-2.71167	1.45982	-0.436741	9.75861	-12.0491	
9.71837	-12.172	-2.64135	1.35035	-0.586166	9.63743	-12.1863	
9.64977	-12.327	-2.6702	1.2909	-0.615567	9.56514	-12.3446	
9.5035	-12.446	-2.60039	1.10552	-0.882356	9.47157	-12.4849	
9.41443	-12.5708	-2.6085	1.04053	-0.900279	9.34752	-12.5408	
9.33501	-12.6926	-2.60981	0.985603	-0.909478	9.32154	-12.7193	
9.25318	-12.7975	-2.59231	0.933962	-0.912699	9.24151	-12.7411	
9.05875	-12.8699	-2.5888	0.713001	-1.21754	9.04013	-12.7738	
8.92209	-12.9603	-2.61175	0.629269	-1.23327	8.83995	-12.9425	
8.78172	-13.023	-2.63764	0.516967	-1.32315	8.73518	-13.0163	
8.66087	-13.0761	-2.63182	0.445179	-1.32971	8.6395	-13.0341	
8.50785	-13.1206	-2.6531	0.337116	-1.39231	8.48414	-13.0416	
8.36373	-13.1609	-2.65652	0.256996	-1.39563	8.34268	-13.1451	
8.23798	-13.2042	-2.62631	0.212415	-1.33465	8.19497	-13.1991	
8.08817	-13.232	-2.63863	0.137848	-1.33375	8.06107	-13.2364	
7.93523	-13.2368	-2.65409	0.047303	-1.36416	7.88931	-13.1791	
7.78216	-13.2404	-2.6661	-0.027898	-1.36242	7.75593	-13.2425	
7.6336	-13.2278	-2.66586	-0.104043	-1.3612	7.52542	-13.1457	
7.47925	-13.2142	-2.68353	-0.174723	-1.35407	7.44992	-13.2329	
7.30388	-13.1444	-2.79409	-0.314362	-1.47931	7.19347	-13.1392	
7.13283	-13.111	-2.84018	-0.379858	-1.45513	7.05468	-13.1604	
7.02447	-13.1016	-2.66584	-0.380521	-1.29804	6.90569	-13.1515	
6.84794	-13.0718	-2.72927	-0.423072	-1.2565	6.73255	-13.1364	
6.7424	-13.0692	-2.61094	-0.416652	-1.13034	6.69426	-13.3705	
6.56987	-13.053	-2.68563	-0.430104	-1.07246	6.42749	-13.1436	
6.45278	-13.0253	-2.63424	-0.44651	-1.00659	6.4246	-13.2048	
6.30906	-12.9896	-2.66639	-0.471557	-0.974865	6.2503	-13.0552	
6.1808	-12.9441	-2.6346	-0.499175	-0.932223	6.162	-13.1569	
6.02464	-12.8931	-2.67066	-0.52443	-0.899944	5.95166	-12.9396	
5.8962	-12.8329	-2.64554	-0.553324	-0.863964	5.78184	-12.8825	
5.735	-12.7811	-2.68754	-0.566408	-0.822378	5.64785	-12.8416	
5.6078	-12.6907	-2.72372	-0.624176	-0.849238	5.54035	-12.7925	
5.47102	-12.6156	-2.73925	-0.653426	-0.828698	5.43842	-12.6552	
5.3499	-12.5093	-2.78509	-0.714981	-0.861238	5.33087	-12.5965	
5.20068	-12.4246	-2.81973	-0.733572	-0.826351	5.12059	-12.4527	
5.09003	-12.3441	-2.77355	-0.757484	-0.792292	5.13793	-12.5907	
4.97412	-12.2379	-2.7828	-0.796797	-0.786827	4.95241	-12.2277	
4.86202	-12.1003	-2.87354	-0.864715	-0.834816	4.81467	-12.1072	
4.76095	-11.9749	-2.87826	-0.911753	-0.835779	4.75144	-11.9561	
4.68204	-11.8729	-2.75716	-0.940546	-0.796784	4.6829	-11.7433	
4.62017	-11.7433	-2.73727	-1.00279	-0.819914	4.67603	-11.7496	
4.54554	-11.6152	-2.73693	-1.05035	-0.823546	4.61619	-11.6508	
4.49825	-11.4706	-2.72734	-1.11863	-0.851556	4.5432	-11.4431	
4.4015	-11.2909	-2.93935	-1.16481	-0.857076	4.48104	-11.1618	
4.37907	-11.1208	-2.93359	-1.2486	-0.901929	4.44374	-11.0696	
4.41078	-11.0016	-2.67084	-1.35411	-0.980398	4.46178	-10.9843	
4.40271	-10.8554	-2.66293	-1.42416	-1.00072	4.4464	-10.8663	
4.45235	-10.7429	-2.49398	-1.54003	-1.09604	4.60972	-11.1274	
4.44652	-10.6122	-2.48843	-1.59389	-1.08867	4.43858	-10.6346	
4.36661	-10.4547	-2.65801	-1.54664	-0.918599	4.43099	-10.4242	
4.39357	-10.2939	-2.67608	-1.62276	-0.948024	4.44616	-10.2449	
4.42415	-10.1487	-2.65993	-1.69624	-0.979168	4.52156	-10.1192	
4.48019	-9.98913	-2.68492	-1.78078	-1.01423	4.55225	-9.94382	
4.48491	-9.84569	-2.73224	-1.79114	-0.944591	4.5897	-9.73456	
4.55544	-9.69782	-2.76502	-1.87019	-0.97965	4.64586	-9.65356	
4.65419	-9.55781	-2.74041	-1.9946	-1.09535	4.61159	-9.38621	
4.72529	-9.42803	-2.73601	-2.05907	-1.10072	4.7442	-9.45683	
4.76236	-9.29919	-2.74833	-2.06797	-1.0216	4.80746	-9.23434	
4.85857	-9.17329	-2.77665	-2.13828	-1.04055	4.94202	-9.15915	
4.88668	-9.02755	-2.78471	-2.10349	-0.877627	5.03379	-9.03255	
4.99104	-8.88539	-2.82062	-2.16484	-0.888761	5.06039	-8.84271	
5.10964	-8.77064	-2.82236	-2.25256	-0.95427	5.21058	-8.83852	
5.2232	-8.65182	-2.83584	-2.31259	-0.961277	5.26598	-8.6555	
5.28695	-8.5205	-2.81958	-2.2953	-0.832191	5.33786	-8.49992	
5.40292	-8.39784	-2.84255	-2.34378	-0.833048	5.43516	-8.36367	
5.50582	-8.28177	-2.84217	-2.37083	-0.795401	5.58025	-8.28767	
5.62727	-8.1733	-2.85296	-2.41722	-0.797245	5.65225	-8.1686	
5.73862	-8.06833	-2.84586	-2.44318	-0.759165	5.83663	-8.14888	
5.85081	-7.96823	-2.83698	-2.4797	-0.754486	5.81186	-7.95139	
5.95236	-7.86332	-2.81423	-2.48175	-0.675436	5.99151	-7.92468	
6.07067	-7.76758	-2.81123	-2.51512	-0.671795	6.04627	-7.74932	
6.13088	-7.62732	-2.7556	-2.43466	-0.442903	6.05883	-7.47931	
6.25335	-7.51058	-2.7842	-2.45164	-0.432979	6.26179	-7.43797	
6.38733	-7.42135	-2.80065	-2.50297	-0.491275	6.3458	-7.29797	
6.52337	-7.31134	-2.83531	-2.52407	-0.482904	6.55234	-7.24441	
6.65327	-7.22282	-2.83976	-2.55489	-0.493218	6.61964	-7.17343	
6.77588	-7.14293	-2.82457	-2.58166	-0.493807	6.74556	-7.15305	
6.9054	-7.05875	-2.82191	-2.60187	-0.479937	6.91901	-7.04822	
7.04654	-6.97071	-2.84112	-2.62496	-0.475197	7.06886	-6.94012	
7.13727	-6.85708	-2.77757	-2.56592	-0.305008	7.12574	-6.81829	
7.26478	-6.76715	-2.78318	-2.57801	-0.299635	7.25262	-6.73852	
7.36032	-6.65489	-2.74282	-2.52846	-0.168914	7.30586	-6.61905	
7.47984	-6.56272	-2.74349	-2.53321	-0.164063	7.45762	-6.53827	
7.63293	-6.50805	-2.77526	-2.60809	-0.296825	7.59546	-6.48319	
7.75992	-6.43646	-2.76448	-2.62594	-0.298929	7.74315	-6.44913	
7.87592	-6.35476	-2.73547	-2.61694	-0.246638	7.8486	-6.40709	
7.99501	-6.29673	-2.70581	-2.63728	-0.255367	7.9584	-6.34152	
8.11461	-6.22118	-2.68819	-2.63735	-0.227806	8.05398	-6.23227	
8.24476	-6.14998	-2.68979	-2.64966	-0.227499	8.24773	-6.1485	
8.37728	-6.078	-2.69944	-2.66521	-0.237253	8.32369	-5.98136	
8.51981	-5.99159	-2.7297	-2.66878	-0.22537	8.55156	-5.93992	
8.62125	-5.89123	-2.67453	-2.61429	-0.0947787	8.63806	-5.84559	
8.7517	-5.80086	-2.69349	-2.60966	-0.0831018	8.7543	-5.75242	
8.8911	-5.72998	-2.71226	-2.62693	-0.107349	9.00947	-5.71389	
9.03243	-5.62576	-2.7541	-2.61565	-0.0869522	9.06113	-5.54128	
9.13818	-5.51949	-2.71808	-2.56414	0.020041	9.13937	-5.44533	
9.26322	-5.41181	-2.74159	-2.54639	0.0389274	9.24452	-5.3352	
9.37965	-5.32023	-2.7352	-2.53442	0.0544256	9.26221	-5.25032	
9.49	-5.24273	-2.71167	-2.53334	0.0518405	9.43645	-5.25801	
9.57631	-5.12115	-2.65704	-2.4487	0.214349	9.71784	-5.19928	
9.68319	-5.00896	-2.66925	-2.42423	0.228251	9.64908	-4.9531	
9.78035	-4.89869	-2.6609	-2.38996	0.266261	9.67182	-4.82288	
9.88423	-4.78526	-2.67167	-2.36705	0.275153	9.86682	-4.74721	
9.98066	-4.674	-2.66714	-2.33749	0.301437	9.94653	-4.64316	
10.08	-4.56152	-2.67239	-2.31698	0.3056	10.0706	-4.54316	
10.2373	-4.49988	-2.71695	-2.40855	0.100559	10.4074	-4.52899	
10.3481	-4.38708	-2.7314	-2.39625	0.107652	10.3431	-4.35107	
10.3795	-4.23226	-2.63888	-2.2511	0.376567	10.3837	-4.17982	
10.4683	-4.10624	-2.65227	-2.22328	0.384182	10.4578	-4.07071	
10.5817	-4.00945	-2.66837	-2.25546	0.27952	10.5531	-3.94939	
10.669	-3.88174	-2.68036	-2.23131	0.288748	10.6424	-3.84126	
10.7567	-3.76062	-2.687	-2.21805	0.277796	10.6157	-3.63689	
10.8486	-3.61504	-2.72496	-2.19114	0.289898	10.8572	-3.53957	
10.8948	-3.47849	-2.71288	-2.11989	0.395221	10.8149	-3.35552	
10.9614	-3.33336	-2.74774	-2.08537	0.410444	10.9372	-3.24816	
11.0744	-3.22637	-2.763	-2.14505	0.245292	10.9078	-3.10703	
11.1529	-3.088	-2.77424	-2.12562	0.251373	11.135	-3.05697	
11.1974	-2.93918	-2.75557	-2.05508	0.359574	11.1507	-2.87978	
11.2654	-2.7888	-2.77653	-2.0283	0.366792	11.2571	-2.74346	
11.1977	-2.5948	-2.73633	-1.78671	0.804187	11.2614	-2.58697	
11.2103	-2.45947	-2.72838	-1.73872	0.812385	11.1393	-2.45312	
11.2693	-2.33808	-2.69668	-1.76623	0.670916	11.2346	-2.28949	
11.2861	-2.18604	-2.70055	-1.7223	0.678042	11.239	-2.16508	
11.3368	-2.05293	-2.68631	-1.74605	0.553804	11.1623	-1.9797	
11.3577	-1.89373	-2.70602	-1.71114	0.557299	11.3424	-1.85113	
